parameter_name,parameter_value,F1,D,F2,kernel_length,dropout_rate,learning_rate,batch_size,epochs,weight_decay,validation_fraction,early_stopping_patience,lr_scheduler_patience,lr_scheduler_factor,use_class_weight,seed,fold,subject,accuracy,f1_score,roc_auc,support,train_time_sec,inference_time_sec,inference_ms_per_sample,model_size_mb,num_parameters,train_memory_delta_mb,peak_gpu_memory_mb,final_train_loss,best_train_loss,best_val_loss,best_epoch,stopped_epoch
dropout_rate,0.1,8,2,16,64,0.1,0.001,32,50,0.0,0.1,10,5,0.5,True,42,1,1,0.7333333333333333,0.7272727272727273,0.8300395256916997,45,18.917880002991296,0.0033624719944782555,0.07472159987729457,0.00708770751953125,1858,0.0,25.5146484375,0.5374171471957004,0.5668021560166822,0.5754040400187175,16,26
dropout_rate,0.1,8,2,16,64,0.1,0.001,32,50,0.0,0.1,10,5,0.5,True,42,2,2,0.7777777777777778,0.7368421052631579,0.9328063241106719,45,18.185207528993487,0.004099025041796267,0.09108944537325037,0.00708770751953125,1858,0.0,25.5146484375,0.5347053279930895,0.5682147400397243,0.5950664381186167,15,25
dropout_rate,0.1,8,2,16,64,0.1,0.001,32,50,0.0,0.1,10,5,0.5,True,42,3,3,0.35555555555555557,0.3255813953488372,0.32608695652173914,45,32.373695180984214,0.0043915919959545135,0.09759093324343363,0.00708770751953125,1858,0.0,25.5146484375,0.5053961584062288,0.5161995591990876,0.565502522389094,37,47
dropout_rate,0.1,8,2,16,64,0.1,0.001,32,50,0.0,0.1,10,5,0.5,True,42,4,4,0.5555555555555556,0.6875000000000001,0.782608695652174,45,17.92922228499083,0.00478060997556895,0.10623577723486555,0.00708770751953125,1858,0.0,25.5146484375,0.5330898727882992,0.5695205888513363,0.5764529347419739,15,25
dropout_rate,0.1,8,2,16,64,0.1,0.001,32,50,0.0,0.1,10,5,0.5,True,42,5,5,0.5111111111111111,0.576923076923077,0.44841269841269843,45,14.488644968019798,0.004840394016355276,0.10756431147456169,0.00708770751953125,1858,0.0,25.5146484375,0.548150858418508,0.5829581816991171,0.5948330561319987,10,20
dropout_rate,0.1,8,2,16,64,0.1,0.001,32,50,0.0,0.1,10,5,0.5,True,42,6,6,0.4444444444444444,0.2857142857142857,0.503968253968254,45,11.316671184962615,0.004735980008263141,0.10524400018362536,0.00708770751953125,1858,0.0,25.5146484375,0.5625973237734853,0.5961386094039137,0.5839387714862824,6,16
dropout_rate,0.1,8,2,16,64,0.1,0.001,32,50,0.0,0.1,10,5,0.5,True,42,7,7,0.8666666666666667,0.8695652173913043,0.9604743083003953,45,18.25359594798647,0.0048623940092511475,0.10805320020558105,0.00708770751953125,1858,0.0,25.5146484375,0.5458963906223123,0.5690754234339251,0.5942952911059062,15,25
dropout_rate,0.1,8,2,16,64,0.1,0.001,32,50,0.0,0.1,10,5,0.5,True,42,8,8,0.5333333333333333,0.5714285714285715,0.6818181818181819,45,18.028726328979246,0.004860575951170176,0.1080127989148928,0.00708770751953125,1858,0.0,25.5146484375,0.5383963239463893,0.559882218864831,0.5783038894335429,15,25
dropout_rate,0.1,8,2,16,64,0.1,0.001,32,50,0.0,0.1,10,5,0.5,True,42,9,9,0.6222222222222222,0.5641025641025642,0.6587301587301588,45,22.876352655992378,0.004758675990160555,0.10574835533690122,0.00708770751953125,1858,0.0,25.5146484375,0.5141013587514559,0.5406122620810162,0.5826192617416381,22,32
dropout_rate,0.1,8,2,16,64,0.1,0.001,32,50,0.0,0.1,10,5,0.5,True,42,10,10,0.6444444444444445,0.6521739130434783,0.742063492063492,45,10.123530174023472,0.004758814990054816,0.10575144422344035,0.00708770751953125,1858,0.0,25.5146484375,0.5682792896122644,0.6119549398620924,0.5956929842631022,4,14
dropout_rate,0.1,8,2,16,64,0.1,0.001,32,50,0.0,0.1,10,5,0.5,True,42,11,11,0.5555555555555556,0.5,0.5869565217391304,45,17.33347670099465,0.004398711025714874,0.09774913390477498,0.00708770751953125,1858,0.0,25.5146484375,0.5336933531092874,0.5651859383691441,0.5558061162630717,14,24
dropout_rate,0.1,8,2,16,64,0.1,0.001,32,50,0.0,0.1,10,5,0.5,True,42,12,12,0.6666666666666666,0.7169811320754716,0.7718253968253969,45,11.794028963020537,0.0037235490162856877,0.0827455336952375,0.00708770751953125,1858,0.0,25.5146484375,0.5579547809832024,0.6007026826793497,0.601334015528361,6,16
dropout_rate,0.1,8,2,16,64,0.1,0.001,32,50,0.0,0.1,10,5,0.5,True,42,13,13,0.7142857142857143,0.7222222222222222,0.7843137254901961,35,12.911776844994165,0.004678216006141156,0.13366331446117588,0.00708770751953125,1858,0.0,25.5146484375,0.5507243718161727,0.5930311835624955,0.627506293853124,8,18
dropout_rate,0.1,8,2,16,64,0.1,0.001,32,50,0.0,0.1,10,5,0.5,True,42,14,14,0.6666666666666666,0.7368421052631579,0.7292490118577075,45,20.144728672981728,0.004809310019481927,0.10687355598848727,0.00708770751953125,1858,0.0,25.5146484375,0.5244131889758687,0.5554288108692025,0.5924114127953847,18,28
dropout_rate,0.1,8,2,16,64,0.1,0.001,32,50,0.0,0.1,10,5,0.5,True,42,15,15,0.6444444444444445,0.7333333333333334,0.9268774703557312,45,15.73042976600118,0.0033007949823513627,0.07335099960780807,0.00708770751953125,1858,0.0,25.5146484375,0.5525740154764869,0.5835774414467089,0.5722880482673645,12,22
dropout_rate,0.1,8,2,16,64,0.1,0.001,32,50,0.0,0.1,10,5,0.5,True,42,16,16,0.6888888888888889,0.7307692307692308,0.7747035573122529,45,14.526242674037348,0.004819504974875599,0.1071001105527911,0.00708770751953125,1858,0.0,25.5146484375,0.5517610537283348,0.581638529670961,0.583070574204127,10,20
dropout_rate,0.1,8,2,16,64,0.1,0.001,32,50,0.0,0.1,10,5,0.5,True,42,17,17,0.5238095238095238,0.16666666666666669,0.55,42,15.762482542952057,0.004796946013811976,0.11421300032885658,0.00708770751953125,1858,0.0,25.5146484375,0.5396299585700035,0.5708155085643133,0.6018715063730876,12,22
dropout_rate,0.1,8,2,16,64,0.1,0.001,32,50,0.0,0.1,10,5,0.5,True,42,18,18,0.4,0.425531914893617,0.37747035573122534,45,15.022748862975277,0.005931455991230905,0.13181013313846454,0.00708770751953125,1858,0.0,25.5146484375,0.5410876605998386,0.5735979820742751,0.5972971022129059,11,21
dropout_rate,0.1,8,2,16,64,0.1,0.001,32,50,0.0,0.1,10,5,0.5,True,42,19,19,0.6,0.6538461538461539,0.7371541501976284,45,18.683323892008048,0.004386204993352294,0.09747122207449542,0.00708770751953125,1858,0.0,25.5146484375,0.5385592392448223,0.5654335222912558,0.5826934397220611,16,26
dropout_rate,0.1,8,2,16,64,0.1,0.001,32,50,0.0,0.1,10,5,0.5,True,42,20,20,0.5333333333333333,0.3225806451612903,0.4802371541501976,45,12.96469309402164,0.004818035988137126,0.10706746640304725,0.00708770751953125,1858,0.0,25.5146484375,0.539326194560889,0.5812513956969435,0.580354372660319,8,18
dropout_rate,0.1,8,2,16,64,0.1,0.001,32,50,0.0,0.1,10,5,0.5,True,42,21,21,0.5777777777777777,0.6885245901639345,0.8531746031746033,45,17.208281963015907,0.0047533619799651206,0.10563026622144712,0.00708770751953125,1858,0.0,25.5146484375,0.5354645405754899,0.574015331765016,0.5897464712460836,14,24
dropout_rate,0.1,8,2,16,64,0.1,0.001,32,50,0.0,0.1,10,5,0.5,True,42,22,22,0.6444444444444445,0.68,0.658102766798419,45,15.75145815196447,0.004044678003992885,0.08988173342206411,0.00708770751953125,1858,0.0,25.5146484375,0.5469214586597501,0.5758251355904521,0.5861815929412841,12,22
dropout_rate,0.1,8,2,16,64,0.1,0.001,32,50,0.0,0.1,10,5,0.5,True,42,23,23,0.6590909090909091,0.7272727272727273,0.762396694214876,44,11.493445578962564,0.004450947046279907,0.10115788741545244,0.00708770751953125,1858,0.0,25.5146484375,0.5565018832232013,0.5973262777834227,0.6021064579486847,6,16
dropout_rate,0.1,8,2,16,64,0.1,0.001,32,50,0.0,0.1,10,5,0.5,True,42,24,24,0.5555555555555556,0.6363636363636364,0.5454545454545454,18,17.40846213902114,0.003388584009371698,0.18825466718731654,0.00708770751953125,1858,0.0,25.5146484375,0.5336833587266449,0.5660830702548637,0.6019192834695181,14,24
dropout_rate,0.1,8,2,16,64,0.1,0.001,32,50,0.0,0.1,10,5,0.5,True,42,25,25,0.7555555555555555,0.6857142857142856,0.8952569169960474,45,14.410186545050237,0.00472025596536696,0.10489457700815465,0.00708770751953125,1858,0.0,25.5146484375,0.544212943450971,0.5856165104743206,0.5850103120009105,10,20
dropout_rate,0.1,8,2,16,64,0.1,0.001,32,50,0.0,0.1,10,5,0.5,True,42,26,26,0.6666666666666666,0.7272727272727274,0.7817460317460317,45,11.368829707033,0.002258402993902564,0.05018673319783476,0.00708770751953125,1858,0.0,25.5146484375,0.5641784376718781,0.5992067253047769,0.589976720015208,6,16
dropout_rate,0.1,8,2,16,64,0.1,0.001,32,50,0.0,0.1,10,5,0.5,True,42,27,27,0.5111111111111111,0.6206896551724137,0.5691699604743083,45,25.18930696195457,0.006370687042362988,0.14157082316362193,0.00708770751953125,1858,0.0,25.5146484375,0.521246766502207,0.5316044983990265,0.5689974009990693,25,35
dropout_rate,0.1,8,2,16,64,0.1,0.001,32,50,0.0,0.1,10,5,0.5,True,42,28,28,0.4888888888888889,0.3783783783783784,0.4940711462450592,45,14.966172352025751,0.004799386020749807,0.10665302268332905,0.00708770751953125,1858,0.0,25.5146484375,0.5412263400626905,0.5764016868038611,0.5854017078876496,11,21
dropout_rate,0.1,8,2,16,64,0.1,0.001,32,50,0.0,0.1,10,5,0.5,True,42,29,29,0.9111111111111111,0.9130434782608695,0.9802371541501977,45,17.241055510006845,0.004390602000057697,0.0975689333346155,0.00708770751953125,1858,0.0,25.5146484375,0.5363085735024828,0.5647615474281888,0.5670032501220703,14,24
dropout_rate,0.1,8,2,16,64,0.1,0.001,32,50,0.0,0.1,10,5,0.5,True,42,30,30,0.6666666666666666,0.6808510638297872,0.7738095238095238,45,15.125328918977175,0.00440568698104471,0.09790415513432689,0.00708770751953125,1858,0.0,25.5146484375,0.5455156578259035,0.5793547862858484,0.5825806697209676,11,21
dropout_rate,0.1,8,2,16,64,0.1,0.001,32,50,0.0,0.1,10,5,0.5,True,42,31,31,0.8222222222222222,0.8181818181818182,0.8794466403162055,45,14.507872134970967,0.004861124965827912,0.10802499924062027,0.00708770751953125,1858,0.0,25.5146484375,0.5490627810359001,0.5864742375684507,0.5997450530529023,10,20
dropout_rate,0.1,8,2,16,64,0.1,0.001,32,50,0.0,0.1,10,5,0.5,True,42,32,32,0.7954545454545454,0.7906976744186046,0.9047619047619048,44,12.833982570038643,0.004426289990078658,0.10059749977451496,0.00708770751953125,1858,0.0,25.5146484375,0.5559039599064625,0.5938509424979036,0.5815826932589213,8,18
dropout_rate,0.1,8,2,16,64,0.1,0.001,32,50,0.0,0.1,10,5,0.5,True,42,33,33,0.7111111111111111,0.711111111111111,0.8636363636363638,45,23.819406651018653,0.0043785180314444005,0.09730040069876446,0.00708770751953125,1858,0.0,25.5146484375,0.517140642034285,0.5424687939159798,0.569762663046519,23,33
dropout_rate,0.1,8,2,16,64,0.1,0.001,32,50,0.0,0.1,10,5,0.5,True,42,34,34,0.8666666666666667,0.8799999999999999,0.888888888888889,45,10.611473672965076,0.00463895796565339,0.10308795479229756,0.00708770751953125,1858,0.0,25.5146484375,0.5629175535657189,0.6064558058525577,0.6072514096895854,5,15
dropout_rate,0.1,8,2,16,64,0.1,0.001,32,50,0.0,0.1,10,5,0.5,True,42,35,35,0.6222222222222222,0.41379310344827586,0.8320158102766798,45,18.23012928699609,0.004856793966609985,0.10792875481355522,0.00708770751953125,1858,0.0,25.5146484375,0.5328205038200725,0.5687957979512938,0.5911846657594045,15,25
dropout_rate,0.1,8,2,16,64,0.1,0.001,32,50,0.0,0.1,10,5,0.5,True,42,36,36,0.6590909090909091,0.7058823529411765,0.6301652892561983,44,15.825637464004103,0.004791282000951469,0.10889277274889701,0.00708770751953125,1858,0.0,25.5146484375,0.5303120732758985,0.5670308468468261,0.5918009718259175,12,22
dropout_rate,0.1,8,2,16,64,0.1,0.001,32,50,0.0,0.1,10,5,0.5,True,42,37,37,0.5111111111111111,0.0,0.58300395256917,45,24.520212161995005,0.004372300987597555,0.09716224416883455,0.00708770751953125,1858,0.0,25.5146484375,0.5252564030163216,0.5406445244496519,0.5698765039443969,24,34
dropout_rate,0.1,8,2,16,64,0.1,0.001,32,50,0.0,0.1,10,5,0.5,True,42,38,38,0.6666666666666666,0.6153846153846153,0.7252964426877471,45,13.751959026034456,0.006057720980606973,0.13461602179126606,0.00708770751953125,1858,0.0,25.5146484375,0.5549330878438372,0.5821118320931088,0.5657252569993337,9,19
dropout_rate,0.1,8,2,16,64,0.1,0.001,32,50,0.0,0.1,10,5,0.5,True,42,39,39,0.6363636363636364,0.68,0.6190476190476191,44,16.5949282880174,0.004478599992580712,0.10178636346774346,0.00708770751953125,1858,0.0,25.5146484375,0.5427990002614079,0.5676581080664288,0.5575116157531739,13,23
dropout_rate,0.1,8,2,16,64,0.1,0.001,32,50,0.0,0.1,10,5,0.5,True,42,40,40,0.5777777777777777,0.6122448979591836,0.5476190476190477,45,15.7752103919629,0.0047463030205108225,0.10547340045579606,0.00708770751953125,1858,0.0,25.5146484375,0.5359054869323066,0.5703100695302992,0.5886944115161896,12,22
dropout_rate,0.1,8,2,16,64,0.1,0.001,32,50,0.0,0.1,10,5,0.5,True,42,41,41,0.5555555555555556,0.41176470588235287,0.5297619047619048,45,21.595858061045874,0.004768371989484876,0.10596382198855281,0.00708770751953125,1858,0.0,25.5146484375,0.5261237400047707,0.5469126005967458,0.5754278143246968,20,30
dropout_rate,0.1,8,2,16,64,0.1,0.001,32,50,0.0,0.1,10,5,0.5,True,42,42,42,0.8,0.7567567567567568,0.9189723320158103,45,14.482363921008073,0.00471766700502485,0.10483704455610779,0.00708770751953125,1858,0.0,25.5146484375,0.5444503875844406,0.5843522298065099,0.6097590168317158,10,20
dropout_rate,0.1,8,2,16,64,0.1,0.001,32,50,0.0,0.1,10,5,0.5,True,42,43,43,0.8666666666666667,0.8636363636363636,0.9308300395256918,45,16.50859053398017,0.0032384200021624565,0.07196488893694349,0.00708770751953125,1858,0.0,25.5146484375,0.5437462657238498,0.5730270370841026,0.5742282191912333,13,23
dropout_rate,0.1,8,2,16,64,0.1,0.001,32,50,0.0,0.1,10,5,0.5,True,42,44,44,0.7931034482758621,0.7692307692307692,0.8952380952380952,29,19.614732418966014,0.0011314350413158536,0.03901500142468461,0.00708770751953125,1858,0.0,25.5146484375,0.5304497220751011,0.5612027209365007,0.5960607270399729,17,27
dropout_rate,0.1,8,2,16,64,0.1,0.001,32,50,0.0,0.1,10,5,0.5,True,42,45,45,0.6,0.4375,0.8221343873517787,45,16.7398063679575,0.004827387980185449,0.10727528844856553,0.00708770751953125,1858,0.0,25.5146484375,0.5308307738918246,0.5679426206783815,0.582752654949824,13,23
dropout_rate,0.1,8,2,16,64,0.1,0.001,32,50,0.0,0.1,10,5,0.5,True,42,46,46,0.5555555555555556,0.5454545454545454,0.6462450592885376,45,16.54520815896103,0.004372021008748561,0.09715602241663468,0.00708770751953125,1858,0.0,25.5146484375,0.5345188408638492,0.5721610154617917,0.5890957474708557,13,23
dropout_rate,0.1,8,2,16,64,0.1,0.001,32,50,0.0,0.1,10,5,0.5,True,42,47,47,0.5777777777777777,0.4571428571428571,0.5595238095238095,45,17.981211656995583,0.004416789044626057,0.09815086765835683,0.00708770751953125,1858,0.0,25.5146484375,0.536433707132484,0.5552831366658211,0.5900893072287242,15,25
dropout_rate,0.1,8,2,16,64,0.1,0.001,32,50,0.0,0.1,10,5,0.5,True,42,48,48,0.8823529411764706,0.888888888888889,0.9714285714285715,17,15.31082096794853,0.0033334739855490625,0.19608670503229778,0.00708770751953125,1858,0.0,25.5146484375,0.5489617984994013,0.5794761568531954,0.6051856100559234,11,21
dropout_rate,0.1,8,2,16,64,0.1,0.001,32,50,0.0,0.1,10,5,0.5,True,42,49,49,0.7333333333333333,0.7777777777777778,0.9565217391304348,45,14.2787251159898,0.003789749986026436,0.08421666635614303,0.00708770751953125,1858,0.0,25.5146484375,0.5447669216629231,0.5828708683451017,0.5913810829321543,10,20
dropout_rate,0.1,8,2,16,64,0.1,0.001,32,50,0.0,0.1,10,5,0.5,True,42,50,50,0.5111111111111111,0.3125,0.5098814229249011,45,23.859194235992618,0.004103434970602393,0.0911874437911643,0.00708770751953125,1858,0.0,25.5146484375,0.5115272452433904,0.539037763846643,0.5574216981728871,23,33
dropout_rate,0.1,8,2,16,64,0.1,0.001,32,50,0.0,0.1,10,5,0.5,True,42,51,51,0.6,0.43749999999999994,0.7162698412698412,45,17.23141982103698,0.0045297350152395666,0.10066077811643481,0.00708770751953125,1858,0.0,25.5146484375,0.5314337757952285,0.56168740039522,0.5882607022921245,14,24
dropout_rate,0.1,8,2,16,64,0.1,0.001,32,50,0.0,0.1,10,5,0.5,True,42,52,52,0.8292682926829268,0.7999999999999999,0.9066985645933013,41,17.988798347010743,0.004760628042276949,0.11611287907992558,0.00708770751953125,1858,0.0,25.5146484375,0.5267148392670082,0.5634904982465686,0.5918504933516184,15,25
dropout_rate,0.1,8,2,16,64,0.1,0.001,32,50,0.0,0.1,10,5,0.5,True,42,53,53,0.5348837209302325,0.6551724137931034,0.5800865800865801,43,16.75655386800645,0.004840320034418255,0.11256558219577338,0.00708770751953125,1858,0.0,25.5146484375,0.5321918308283343,0.5674964839761908,0.5810657978057862,13,23
dropout_rate,0.1,8,2,16,64,0.1,0.001,32,50,0.0,0.1,10,5,0.5,True,42,54,54,0.7692307692307693,0.742857142857143,0.8532608695652174,39,20.966703806014266,0.00480498798424378,0.1232048201088149,0.00708770751953125,1858,0.0,25.5146484375,0.5275590948083184,0.5468924889961878,0.5914183417956035,19,29
dropout_rate,0.1,8,2,16,64,0.1,0.001,32,50,0.0,0.1,10,5,0.5,True,42,55,55,0.8,0.7428571428571429,0.9229249011857708,45,20.89635101897875,0.00445475202286616,0.09899448939702578,0.00708770751953125,1858,0.0,25.5146484375,0.5409909443873347,0.5458076686570139,0.5937408884366353,19,29
dropout_rate,0.1,8,2,16,64,0.1,0.001,32,50,0.0,0.1,10,5,0.5,True,42,56,56,0.8409090909090909,0.8372093023255814,0.9276859504132231,44,15.271586941031273,0.004817640001419932,0.10949181821408935,0.00708770751953125,1858,0.0,25.5146484375,0.5450235648137151,0.5817853476513516,0.6154804090658824,11,21
dropout_rate,0.1,8,2,16,64,0.1,0.001,32,50,0.0,0.1,10,5,0.5,True,42,57,57,0.5555555555555556,0.5454545454545454,0.6686507936507936,45,17.95334881002782,0.004669866000767797,0.10377480001706216,0.00708770751953125,1858,0.0,25.5146484375,0.5396604212847623,0.5567130229689858,0.5967312335968018,15,25
dropout_rate,0.1,8,2,16,64,0.1,0.001,32,50,0.0,0.1,10,5,0.5,True,42,58,58,0.6888888888888889,0.5625,0.7103174603174603,45,13.807435290014837,0.004721479956060648,0.10492177680134773,0.00708770751953125,1858,0.0,25.5146484375,0.538843087626226,0.5843546544060563,0.6052795787652333,9,19
dropout_rate,0.1,8,2,16,64,0.1,0.001,32,50,0.0,0.1,10,5,0.5,True,42,59,59,0.6222222222222222,0.45161290322580644,0.6448412698412698,45,17.957614391983952,0.004837698012124747,0.10750440026943883,0.00708770751953125,1858,0.0,25.5146484375,0.5425057934992241,0.5569433985334454,0.6058478077252706,15,25
dropout_rate,0.1,8,2,16,64,0.1,0.001,32,50,0.0,0.1,10,5,0.5,True,42,60,60,0.7727272727272727,0.761904761904762,0.9090909090909091,44,15.803415560047142,0.004796078021172434,0.10900177320846441,0.00708770751953125,1858,0.0,25.5146484375,0.5422971438277852,0.56908275819186,0.5956283926963806,12,22
dropout_rate,0.1,8,2,16,64,0.1,0.001,32,50,0.0,0.1,10,5,0.5,True,42,61,61,0.7906976744186046,0.7906976744186046,0.8528138528138528,43,11.542418220022228,0.006312922982033342,0.14681216237286843,0.00708770751953125,1858,0.0,25.5146484375,0.5542857204422806,0.6011694703589786,0.6034944633642833,6,16
dropout_rate,0.1,8,2,16,64,0.1,0.001,32,50,0.0,0.1,10,5,0.5,True,42,62,62,0.8888888888888888,0.8717948717948718,0.9841897233201581,45,20.236585885984823,0.00466443900950253,0.10365420021116734,0.00708770751953125,1858,0.0,25.5146484375,0.5238547934727236,0.5501319217410955,0.6072980403900147,18,28
dropout_rate,0.1,8,2,16,64,0.1,0.001,32,50,0.0,0.1,10,5,0.5,True,42,63,63,0.5348837209302325,0.4444444444444444,0.5541125541125541,43,20.936026076960843,0.004695173003710806,0.10919006985373969,0.00708770751953125,1858,0.0,25.5146484375,0.528986781835556,0.5530794468341451,0.6003304282824199,19,29
dropout_rate,0.1,8,2,16,64,0.1,0.001,32,50,0.0,0.1,10,5,0.5,True,42,64,64,0.6444444444444445,0.5555555555555556,0.7430830039525691,45,15.019781440962106,0.004726674000266939,0.10503720000593199,0.00708770751953125,1858,0.0,25.5146484375,0.5340579082116936,0.5733428116549145,0.6079438885052999,11,21
dropout_rate,0.1,8,2,16,64,0.1,0.001,32,50,0.0,0.1,10,5,0.5,True,42,65,65,0.7777777777777778,0.7727272727272727,0.875,45,19.98399302898906,0.004786880046594888,0.10637511214655307,0.00708770751953125,1858,0.0,25.5146484375,0.5286471464417197,0.5476610814080094,0.6197912712891896,18,28
dropout_rate,0.1,8,2,16,64,0.1,0.001,32,50,0.0,0.1,10,5,0.5,True,42,66,66,0.5333333333333333,0.6557377049180327,0.5632411067193676,45,15.8136974570225,0.004475956957321614,0.09946571016270254,0.00708770751953125,1858,0.0,25.5146484375,0.53281604769555,0.5686441874413779,0.6191947301228841,12,22
dropout_rate,0.1,8,2,16,64,0.1,0.001,32,50,0.0,0.1,10,5,0.5,True,42,67,67,0.5555555555555556,0.5238095238095238,0.6897233201581028,45,16.683715213031974,0.0048531650099903345,0.10784811133311854,0.00708770751953125,1858,0.0,25.5146484375,0.5337712428334987,0.5685761959263773,0.6185443083445231,13,23
dropout_rate,0.1,8,2,16,64,0.1,0.001,32,50,0.0,0.1,10,5,0.5,True,42,68,68,0.5111111111111111,0.47619047619047616,0.6640316205533596,45,18.725515712983906,0.004805397999007255,0.10678662220016122,0.00708770751953125,1858,0.0,25.5146484375,0.5276179304628661,0.5606674594861089,0.6029239137967427,16,26
dropout_rate,0.1,8,2,16,64,0.1,0.001,32,50,0.0,0.1,10,5,0.5,True,42,69,69,0.5333333333333333,0.6037735849056604,0.5694444444444445,45,18.096689001016784,0.004865254042670131,0.10811675650378069,0.00708770751953125,1858,0.0,25.5146484375,0.5210373318105033,0.5592160229430054,0.6049823383490245,15,25
dropout_rate,0.1,8,2,16,64,0.1,0.001,32,50,0.0,0.1,10,5,0.5,True,42,70,70,0.6666666666666666,0.5714285714285714,0.8260869565217391,45,16.590906367986463,0.006001693021971732,0.13337095604381627,0.00708770751953125,1858,0.0,25.5146484375,0.5402612309112693,0.5758635753935034,0.6194232165813446,13,23
dropout_rate,0.1,8,2,16,64,0.1,0.001,32,50,0.0,0.1,10,5,0.5,True,42,71,71,0.8666666666666667,0.8636363636363636,0.9565217391304347,45,23.729575634992216,0.004410603025462478,0.09801340056583285,0.00708770751953125,1858,0.0,25.5146484375,0.5194121441154769,0.5383492143768253,0.6274028519789377,23,33
dropout_rate,0.1,8,2,16,64,0.1,0.001,32,50,0.0,0.1,10,5,0.5,True,42,72,72,0.7555555555555555,0.7843137254901961,0.9387351778656127,45,30.56018429202959,0.004846269963309169,0.10769488807353708,0.00708770751953125,1858,0.0,25.5146484375,0.5311521436228896,0.5447810741536545,0.6119096994400024,32,42
dropout_rate,0.1,8,2,16,64,0.1,0.001,32,50,0.0,0.1,10,5,0.5,True,42,73,73,0.6888888888888889,0.7307692307692307,0.766798418972332,45,20.23440361500252,0.004829792014788836,0.10732871143975192,0.00708770751953125,1858,0.0,25.5146484375,0.5345088557311983,0.5510117030053427,0.616000105937322,18,28
dropout_rate,0.1,8,2,16,64,0.1,0.001,32,50,0.0,0.1,10,5,0.5,True,42,74,74,0.4888888888888889,0.5660377358490566,0.5753968253968254,45,12.851855010958388,0.003224170010071248,0.07164822244602773,0.00708770751953125,1858,0.0,25.5146484375,0.5543757871244893,0.5880828350782394,0.6022169629732768,8,18
dropout_rate,0.1,8,2,16,64,0.1,0.001,32,50,0.0,0.1,10,5,0.5,True,42,75,75,0.8536585365853658,0.8421052631578948,0.930952380952381,41,16.55826053203782,0.004015111015178263,0.09792953695556739,0.00708770751953125,1858,0.0,25.5146484375,0.5371935895898126,0.5725224751866225,0.5858413517475128,13,23
dropout_rate,0.1,8,2,16,64,0.1,0.001,32,50,0.0,0.1,10,5,0.5,True,42,76,76,0.4888888888888889,0.0,0.5612648221343873,45,14.213763482985087,0.004452102002687752,0.09893560005972783,0.00708770751953125,1858,0.0,25.5146484375,0.5387654923128359,0.5747403224760835,0.6059038956960042,10,20
dropout_rate,0.1,8,2,16,64,0.1,0.001,32,50,0.0,0.1,10,5,0.5,True,42,77,77,0.5777777777777777,0.6885245901639344,0.6329365079365079,45,24.70574335003039,0.004787896992638707,0.10639771094752681,0.00708770751953125,1858,0.0,25.5146484375,0.5230567046638691,0.5378792545560634,0.6241963843504588,24,34
dropout_rate,0.1,8,2,16,64,0.1,0.001,32,50,0.0,0.1,10,5,0.5,True,42,78,78,0.4666666666666667,0.5862068965517242,0.5474308300395256,45,20.144764154974837,0.00486465502763167,0.10810344505848156,0.00708770751953125,1858,0.0,25.5146484375,0.529384033472249,0.5530726896090941,0.6183060010274252,18,28
dropout_rate,0.1,8,2,16,64,0.1,0.001,32,50,0.0,0.1,10,5,0.5,True,42,79,79,0.575,0.6222222222222222,0.6224999999999999,40,15.731115039030556,0.00478001096053049,0.11950027401326224,0.00708770751953125,1858,0.0,25.5146484375,0.5421848148107529,0.5757294904553529,0.598579998811086,12,22
dropout_rate,0.1,8,2,16,64,0.1,0.001,32,50,0.0,0.1,10,5,0.5,True,42,80,80,0.6888888888888889,0.6818181818181818,0.7648221343873518,45,14.351474231982138,0.00434707198292017,0.09660159962044822,0.00708770751953125,1858,0.0,25.5146484375,0.5411913182699319,0.582285489096786,0.6175019721190135,10,20
dropout_rate,0.1,8,2,16,64,0.1,0.001,32,50,0.0,0.1,10,5,0.5,True,42,81,81,0.4888888888888889,0.0,0.8893280632411067,45,27.58705721097067,0.004821013018954545,0.10713362264343433,0.00708770751953125,1858,0.0,25.5146484375,0.5043194339130864,0.5248345883958268,0.5884234607219696,28,38
dropout_rate,0.1,8,2,16,64,0.1,0.001,32,50,0.0,0.1,10,5,0.5,True,42,82,82,0.6222222222222222,0.7213114754098361,0.8656126482213439,45,13.591419813979883,0.0039579260046593845,0.08795391121465299,0.00708770751953125,1858,0.0,25.5146484375,0.5318011636986877,0.5765460149356814,0.6082265436649322,9,19
dropout_rate,0.1,8,2,16,64,0.1,0.001,32,50,0.0,0.1,10,5,0.5,True,42,83,83,0.7894736842105263,0.7499999999999999,0.850415512465374,38,13.796150072012097,0.0046180590288713574,0.12152786918082518,0.00708770751953125,1858,0.0,25.5146484375,0.5420496784376375,0.5779390265092705,0.6170079509417216,9,19
dropout_rate,0.1,8,2,16,64,0.1,0.001,32,50,0.0,0.1,10,5,0.5,True,42,84,84,0.6590909090909091,0.6666666666666666,0.7412008281573499,44,20.239338062005118,0.004809842968825251,0.10931461292784661,0.00708770751953125,1858,0.0,25.5146484375,0.531384409151294,0.554850391366265,0.6020581344763438,18,28
dropout_rate,0.1,8,2,16,64,0.1,0.001,32,50,0.0,0.1,10,5,0.5,True,42,85,85,0.9545454545454546,0.9523809523809523,0.9855072463768115,44,20.1650022949907,0.004073795978911221,0.0925862722479823,0.00708770751953125,1858,0.0,25.5146484375,0.532223206577879,0.5566568306901238,0.6020825823148092,18,28
dropout_rate,0.1,8,2,16,64,0.1,0.001,32,50,0.0,0.1,10,5,0.5,True,42,86,86,0.75,0.7659574468085107,0.8322981366459627,44,10.752970152010676,0.004999462980777025,0.11362415865402331,0.00708770751953125,1858,0.0,25.5146484375,0.5549158483292117,0.6028848416877516,0.6183749377727509,5,15
dropout_rate,0.1,8,2,16,64,0.1,0.001,32,50,0.0,0.1,10,5,0.5,True,42,87,87,0.6222222222222222,0.6222222222222223,0.6462450592885376,45,19.915292655990925,0.0047786989598535,0.10619331021896668,0.00708770751953125,1858,0.0,25.5146484375,0.5255668933192889,0.5502484438545776,0.585327434539795,18,28
dropout_rate,0.1,8,2,16,64,0.1,0.001,32,50,0.0,0.1,10,5,0.5,True,42,88,88,0.5454545454545454,0.48979591836734687,0.5396825396825398,55,19.52402668603463,0.004523504001554102,0.08224552730098367,0.00708770751953125,1858,0.0,25.5146484375,0.5318285662567976,0.5548620533311006,0.6103134095668793,17,27
dropout_rate,0.1,8,2,16,64,0.1,0.001,32,50,0.0,0.1,10,5,0.5,True,42,89,89,0.4666666666666667,0.6,0.5317460317460317,45,14.398429476015735,0.004441861994564533,0.09870804432365629,0.00708770751953125,1858,0.0,25.5146484375,0.5424612257065196,0.5742882086020528,0.6202727834383647,10,20
dropout_rate,0.1,8,2,16,64,0.1,0.001,32,50,0.0,0.1,10,5,0.5,True,42,90,90,0.6888888888888889,0.6315789473684211,0.7727272727272727,45,17.510184589016717,0.004890658950898796,0.10868131001997325,0.00708770751953125,1858,0.0,25.5146484375,0.5335333489558913,0.5660906321171558,0.5813834985097249,14,24
dropout_rate,0.1,8,2,16,64,0.1,0.001,32,50,0.0,0.1,10,5,0.5,True,42,91,91,0.6363636363636364,0.7333333333333334,0.7933884297520661,44,16.5767600069521,0.004691545036621392,0.1066260235595771,0.00708770751953125,1858,0.0,25.5146484375,0.542342706385887,0.5675434449856932,0.5967555264631907,13,23
dropout_rate,0.1,8,2,16,64,0.1,0.001,32,50,0.0,0.1,10,5,0.5,True,42,92,92,0.6428571428571429,0.6153846153846153,0.6807692307692308,56,14.580577706045005,0.0049213909660466015,0.08788198153654646,0.00708770751953125,1858,0.0,25.5146484375,0.538710476999933,0.5736319668816797,0.6360442757606506,10,20
dropout_rate,0.1,8,2,16,64,0.1,0.001,32,50,0.0,0.1,10,5,0.5,True,42,93,93,0.7333333333333333,0.7272727272727273,0.8300395256916996,45,14.386123456002679,0.0046897310530766845,0.10421624562392631,0.00708770751953125,1858,0.0,25.5146484375,0.5456879486640295,0.5781098491314686,0.608889784415563,10,20
dropout_rate,0.1,8,2,16,64,0.1,0.001,32,50,0.0,0.1,10,5,0.5,True,42,94,94,0.9545454545454546,0.9565217391304348,0.9958592132505176,44,10.857728930015583,0.004841565969400108,0.11003559021363882,0.00708770751953125,1858,0.0,25.5146484375,0.5513180819424716,0.6063049647844199,0.6219712674617768,5,15
dropout_rate,0.1,8,2,16,64,0.1,0.001,32,50,0.0,0.1,10,5,0.5,True,42,95,95,0.5714285714285714,0.5714285714285715,0.6666666666666666,28,13.598813360964414,0.003508797031827271,0.1253141797081168,0.00708770751953125,1858,0.0,25.5146484375,0.5482441541371923,0.582786134472399,0.5988921205202739,9,19
dropout_rate,0.1,8,2,16,64,0.1,0.001,32,50,0.0,0.1,10,5,0.5,True,42,96,96,0.7380952380952381,0.7555555555555556,0.7528344671201814,42,14.558084284013603,0.0048350729630328715,0.11512078483411599,0.00708770751953125,1858,0.0,25.5146484375,0.5451683729435458,0.5905761023362478,0.5964211205641429,10,20
dropout_rate,0.1,8,2,16,64,0.1,0.001,32,50,0.0,0.1,10,5,0.5,True,42,97,97,0.5909090909090909,0.4705882352941177,0.5557851239669421,44,20.83751038898481,0.004337458987720311,0.0985786133572798,0.00708770751953125,1858,0.0,25.5146484375,0.5278490431832544,0.547055043731675,0.6130887945493062,19,29
dropout_rate,0.1,8,2,16,64,0.1,0.001,32,50,0.0,0.1,10,5,0.5,True,42,98,98,0.5555555555555556,0.6551724137931034,0.6007905138339921,45,10.827863312966656,0.004448156978469342,0.09884793285487427,0.00708770751953125,1858,0.0,25.5146484375,0.5543432560834017,0.6029302893262921,0.6236908932526907,5,15
dropout_rate,0.1,8,2,16,64,0.1,0.001,32,50,0.0,0.1,10,5,0.5,True,42,99,99,0.46511627906976744,0.5106382978723404,0.46969696969696967,43,14.569285892997868,0.006012800964526832,0.13983258057039147,0.00708770751953125,1858,0.0,25.5146484375,0.5409455170685594,0.582867057486014,0.6327677130699157,10,20
dropout_rate,0.1,8,2,16,64,0.1,0.001,32,50,0.0,0.1,10,5,0.5,True,42,100,100,0.5277777777777778,0.5641025641025642,0.5216049382716049,36,35.95770467602415,0.003966327989473939,0.11017577748538719,0.00708770751953125,1858,0.0,25.5146484375,0.515640571036122,0.5050544352693991,0.5819196462631225,44,50
dropout_rate,0.1,8,2,16,64,0.1,0.001,32,50,0.0,0.1,10,5,0.5,True,42,101,101,0.5111111111111111,0.47619047619047616,0.5632411067193677,45,14.980988415016327,0.00439878401812166,0.0977507559582591,0.00708770751953125,1858,0.0,25.5146484375,0.5341192041382645,0.5711536615183859,0.6173870007197062,11,21
dropout_rate,0.1,8,2,16,64,0.1,0.001,32,50,0.0,0.1,10,5,0.5,True,42,102,102,0.6222222222222222,0.721311475409836,0.7924901185770751,45,14.397956056986004,0.004667113011237234,0.10371362247193852,0.00708770751953125,1858,0.0,25.5146484375,0.5525992722673849,0.5851573196775985,0.6196203688780467,10,20
dropout_rate,0.1,8,2,16,64,0.1,0.001,32,50,0.0,0.1,10,5,0.5,True,42,103,103,0.6976744186046512,0.6486486486486486,0.7575757575757576,43,15.199573337042239,0.004726198967546225,0.10991160389642383,0.00708770751953125,1858,0.0,25.5146484375,0.5339184963341915,0.5729723724000382,0.6055142641067505,11,21
dropout_rate,0.1,8,2,16,64,0.1,0.001,32,50,0.0,0.1,10,5,0.5,True,42,104,104,0.46511627906976744,0.6101694915254237,0.7077922077922079,43,15.187705227988772,0.006012598983943462,0.13982788334752239,0.00708770751953125,1858,0.0,25.5146484375,0.542348554188555,0.5738420574502512,0.606477020184199,11,21
dropout_rate,0.1,8,2,16,64,0.1,0.001,32,50,0.0,0.1,10,5,0.5,True,42,105,105,0.5777777777777777,0.2962962962962963,0.7035573122529645,45,15.808995990024414,0.00607650401070714,0.13503342246015865,0.00708770751953125,1858,0.0,25.5146484375,0.5315394552819657,0.5744004213448727,0.6342101931571961,12,22
dropout_rate,0.1,8,2,16,64,0.1,0.001,32,50,0.0,0.1,10,5,0.5,True,42,106,106,0.5777777777777777,0.5128205128205129,0.613095238095238,45,17.264397763006855,0.0048016299842856824,0.10670288853968184,0.00708770751953125,1858,0.0,25.5146484375,0.5282648208014893,0.569430269752488,0.6008205552895863,14,24
dropout_rate,0.1,8,2,16,64,0.1,0.001,32,50,0.0,0.1,10,5,0.5,True,42,107,107,0.6,0.5909090909090909,0.5853174603174602,45,19.404508351988625,0.0048246089718304574,0.10721353270734349,0.00708770751953125,1858,0.0,25.5146484375,0.5295349504008438,0.5565303889187899,0.605875676870346,17,27
dropout_rate,0.1,8,2,16,64,0.1,0.001,32,50,0.0,0.1,10,5,0.5,True,42,108,108,0.8,0.8163265306122449,0.8774703557312253,45,12.317943494010251,0.004795415967237204,0.10656479927193788,0.00708770751953125,1858,0.0,25.5146484375,0.5562448777032621,0.5938243382807934,0.6273286243279775,7,17
dropout_rate,0.3,8,2,16,64,0.3,0.001,32,50,0.0,0.1,10,5,0.5,True,42,1,1,0.6444444444444445,0.68,0.7964426877470355,45,17.305691415036563,0.004769714956637472,0.10599366570305493,0.00708770751953125,1858,0.0,25.5146484375,0.5845326223608219,0.6035649221051823,0.5828276177247366,14,24
dropout_rate,0.3,8,2,16,64,0.3,0.001,32,50,0.0,0.1,10,5,0.5,True,42,2,2,0.7333333333333333,0.625,0.9347826086956522,45,24.53209255397087,0.004389363049995154,0.09754140111100343,0.00708770751953125,1858,0.0,25.5146484375,0.5753937758731119,0.5889268440730644,0.5646170397599538,24,34
dropout_rate,0.3,8,2,16,64,0.3,0.001,32,50,0.0,0.1,10,5,0.5,True,42,3,3,0.3333333333333333,0.28571428571428564,0.300395256916996,45,25.400624418980442,0.004844098002649844,0.10764662228110765,0.00708770751953125,1858,0.0,25.5146484375,0.5735918917890751,0.5761312065702496,0.5561178803443909,25,35
dropout_rate,0.3,8,2,16,64,0.3,0.001,32,50,0.0,0.1,10,5,0.5,True,42,4,4,0.4888888888888889,0.6567164179104478,0.6936758893280632,45,24.52904726099223,0.003252424008678645,0.07227608908174765,0.00708770751953125,1858,0.0,25.5146484375,0.5808311411828706,0.599612636322325,0.5782305220762889,24,34
dropout_rate,0.3,8,2,16,64,0.3,0.001,32,50,0.0,0.1,10,5,0.5,True,42,5,5,0.4222222222222222,0.5517241379310345,0.41468253968253976,45,24.705783493001945,0.0032517960062250495,0.07226213347166777,0.00708770751953125,1858,0.0,25.5146484375,0.5687884733532415,0.5854421406984329,0.5891696234544118,24,34
dropout_rate,0.3,8,2,16,64,0.3,0.001,32,50,0.0,0.1,10,5,0.5,True,42,6,6,0.5333333333333333,0.16,0.5436507936507936,45,19.49865755904466,0.003309764026198536,0.07355031169330081,0.00708770751953125,1858,0.0,25.5146484375,0.5666945804700707,0.5862723128362135,0.5785852213700612,17,27
dropout_rate,0.3,8,2,16,64,0.3,0.001,32,50,0.0,0.1,10,5,0.5,True,42,7,7,0.9555555555555556,0.9545454545454546,0.9782608695652174,45,22.268301088013686,0.004411926027387381,0.09804280060860845,0.00708770751953125,1858,0.0,25.5146484375,0.5776426507668062,0.5865445137023926,0.5811619937419892,21,31
dropout_rate,0.3,8,2,16,64,0.3,0.001,32,50,0.0,0.1,10,5,0.5,True,42,8,8,0.6666666666666666,0.693877551020408,0.782608695652174,45,28.70694738900056,0.0032290990347974002,0.07175775632883112,0.00708770751953125,1858,0.0,25.5146484375,0.5652187272454753,0.5736207627888882,0.576347929239273,30,40
dropout_rate,0.3,8,2,16,64,0.3,0.001,32,50,0.0,0.1,10,5,0.5,True,42,9,9,0.6,0.47058823529411764,0.5853174603174603,45,18.06729242298752,0.00498497299849987,0.11077717774444155,0.00708770751953125,1858,0.0,25.5146484375,0.5779814054117058,0.59661610311631,0.5860738853613535,15,25
dropout_rate,0.3,8,2,16,64,0.3,0.001,32,50,0.0,0.1,10,5,0.5,True,42,10,10,0.6888888888888889,0.6666666666666666,0.7142857142857142,45,14.980849728977773,0.004423941019922495,0.09830980044272211,0.00708770751953125,1858,0.0,25.5146484375,0.5876022873051239,0.6106551140546799,0.5831923007965087,11,21
dropout_rate,0.3,8,2,16,64,0.3,0.001,32,50,0.0,0.1,10,5,0.5,True,42,11,11,0.5555555555555556,0.6666666666666666,0.5237154150197628,45,25.197307801048737,0.004811140010133386,0.10691422244740857,0.00708770751953125,1858,0.0,25.5146484375,0.578836199912158,0.5886228448062232,0.5667182465394338,25,35
dropout_rate,0.3,8,2,16,64,0.3,0.001,32,50,0.0,0.1,10,5,0.5,True,42,12,12,0.8,0.7692307692307693,0.8432539682539683,45,23.63112696999451,0.004740670032333583,0.10534822294074628,0.00708770751953125,1858,0.0,25.5146484375,0.5746988511898301,0.5822202400727705,0.593738333384196,23,33
dropout_rate,0.3,8,2,16,64,0.3,0.001,32,50,0.0,0.1,10,5,0.5,True,42,13,13,0.8,0.7741935483870968,0.8888888888888888,35,33.69512458599638,0.004797242989297956,0.13706408540851303,0.00708770751953125,1858,0.0,25.5146484375,0.5660234251708696,0.5775954167951237,0.5982498367627461,37,47
dropout_rate,0.3,8,2,16,64,0.3,0.001,32,50,0.0,0.1,10,5,0.5,True,42,14,14,0.6444444444444445,0.7037037037037037,0.6363636363636364,45,16.729243559995666,0.003110371995717287,0.06911937768260638,0.00708770751953125,1858,0.0,25.5146484375,0.5855880309686516,0.6030693469625531,0.5916866203149159,13,23
dropout_rate,0.3,8,2,16,64,0.3,0.001,32,50,0.0,0.1,10,5,0.5,True,42,15,15,0.6444444444444445,0.7333333333333334,0.9486166007905139,45,30.935765491973143,0.004846272990107536,0.10769495533572304,0.00708770751953125,1858,0.0,25.5146484375,0.5697457336566665,0.5696065448450319,0.5681040326754252,33,43
dropout_rate,0.3,8,2,16,64,0.3,0.001,32,50,0.0,0.1,10,5,0.5,True,42,16,16,0.7555555555555555,0.7924528301886793,0.816205533596838,45,22.311732906964608,0.002091949980240315,0.04648777733867367,0.00708770751953125,1858,0.0,25.5146484375,0.57422864075863,0.5852889870152329,0.5889755149682363,21,31
dropout_rate,0.3,8,2,16,64,0.3,0.001,32,50,0.0,0.1,10,5,0.5,True,42,17,17,0.6666666666666666,0.5333333333333333,0.6431818181818181,42,26.4734319979907,0.004415075003635138,0.10512083341988425,0.00708770751953125,1858,0.0,25.5146484375,0.5727339684963226,0.5773539473161553,0.6134885748227438,27,37
dropout_rate,0.3,8,2,16,64,0.3,0.001,32,50,0.0,0.1,10,5,0.5,True,42,18,18,0.4666666666666667,0.0,0.37154150197628455,45,21.59611321799457,0.004718254960607737,0.1048501102357275,0.00708770751953125,1858,0.0,25.5146484375,0.5774716766494693,0.593228378982255,0.5883908649285634,20,30
dropout_rate,0.3,8,2,16,64,0.3,0.001,32,50,0.0,0.1,10,5,0.5,True,42,19,19,0.6444444444444445,0.7037037037037037,0.8241106719367589,45,21.677828026993666,0.005927485006395727,0.13172188903101617,0.00708770751953125,1858,0.0,25.5146484375,0.5743173302123041,0.5928000365242814,0.5672982335090637,20,30
dropout_rate,0.3,8,2,16,64,0.3,0.001,32,50,0.0,0.1,10,5,0.5,True,42,20,20,0.4888888888888889,0.5306122448979591,0.6086956521739131,45,23.109041516960133,0.004789425001945347,0.10643166670989658,0.00708770751953125,1858,0.0,25.5146484375,0.5707817183751048,0.593030527911403,0.5770658532778422,22,32
dropout_rate,0.3,8,2,16,64,0.3,0.001,32,50,0.0,0.1,10,5,0.5,True,42,21,21,0.4888888888888889,0.6229508196721311,0.8075396825396826,45,17.91188312903978,0.00478355900850147,0.10630131130003266,0.00708770751953125,1858,0.0,25.5146484375,0.581305010300694,0.598049249838699,0.5857853213946025,15,25
dropout_rate,0.3,8,2,16,64,0.3,0.001,32,50,0.0,0.1,10,5,0.5,True,42,22,22,0.5333333333333333,0.5714285714285715,0.5849802371541502,45,17.245782596000936,0.004766168014612049,0.10591484476915665,0.00708770751953125,1858,0.0,25.5146484375,0.5912568262129119,0.6001573595585246,0.6019100387891133,14,24
dropout_rate,0.3,8,2,16,64,0.3,0.001,32,50,0.0,0.1,10,5,0.5,True,42,23,23,0.6136363636363636,0.6909090909090909,0.8037190082644627,44,28.90677019301802,0.003206196997780353,0.07286811358591712,0.00708770751953125,1858,0.0,25.5146484375,0.5721820461930651,0.5815856163248871,0.6049149811267853,30,40
dropout_rate,0.3,8,2,16,64,0.3,0.001,32,50,0.0,0.1,10,5,0.5,True,42,24,24,0.5555555555555556,0.6666666666666667,0.5974025974025974,18,21.87994328100467,0.0032714290427975357,0.18174605793319643,0.00708770751953125,1858,0.0,25.5146484375,0.5837816217340025,0.5839492819811168,0.6094275156656901,20,30
dropout_rate,0.3,8,2,16,64,0.3,0.001,32,50,0.0,0.1,10,5,0.5,True,42,25,25,0.7111111111111111,0.6976744186046512,0.7628458498023716,45,36.164112515049055,0.004913465003482997,0.10918811118851104,0.00708770751953125,1858,0.0,25.5146484375,0.5700755367676417,0.5704904128656243,0.571768194437027,48,50
dropout_rate,0.3,8,2,16,64,0.3,0.001,32,50,0.0,0.1,10,5,0.5,True,42,26,26,0.7333333333333333,0.7272727272727272,0.8115079365079365,45,19.995551104017068,0.004747174039948732,0.10549275644330514,0.00708770751953125,1858,0.0,25.5146484375,0.5737181183966723,0.5912704853848978,0.5846825778484345,18,28
dropout_rate,0.3,8,2,16,64,0.3,0.001,32,50,0.0,0.1,10,5,0.5,True,42,27,27,0.4888888888888889,0.5964912280701754,0.66600790513834,45,17.396143944002688,0.004828748002182692,0.10730551115961538,0.00708770751953125,1858,0.0,25.5146484375,0.5849863649769262,0.6002119312232191,0.5779957036177318,14,24
dropout_rate,0.3,8,2,16,64,0.3,0.001,32,50,0.0,0.1,10,5,0.5,True,42,28,28,0.6,0.5909090909090909,0.5869565217391305,45,27.45681332697859,0.004797389032319188,0.10660864516264863,0.00708770751953125,1858,0.0,25.5146484375,0.5648385405992017,0.5822852089098005,0.591751346985499,28,38
dropout_rate,0.3,8,2,16,64,0.3,0.001,32,50,0.0,0.1,10,5,0.5,True,42,29,29,0.9111111111111111,0.9166666666666666,0.9841897233201582,45,27.307917523023207,0.004795365035533905,0.106563667456309,0.00708770751953125,1858,0.0,25.5146484375,0.5683823898434639,0.5751757237947348,0.5878817439079285,28,38
dropout_rate,0.3,8,2,16,64,0.3,0.001,32,50,0.0,0.1,10,5,0.5,True,42,30,30,0.5111111111111111,0.6451612903225806,0.6726190476190476,45,17.268629278987646,0.004731041030026972,0.1051342451117105,0.00708770751953125,1858,0.0,25.5146484375,0.5821088387659101,0.6088419141191425,0.5911187728246053,14,24
dropout_rate,0.3,8,2,16,64,0.3,0.001,32,50,0.0,0.1,10,5,0.5,True,42,31,31,0.8,0.8,0.8517786561264822,45,28.705435126030352,0.0032800210174173117,0.07288935594260693,0.00708770751953125,1858,0.0,25.5146484375,0.5660166774283756,0.5725385230599027,0.5909196098645528,30,40
dropout_rate,0.3,8,2,16,64,0.3,0.001,32,50,0.0,0.1,10,5,0.5,True,42,32,32,0.8181818181818182,0.8260869565217391,0.8737060041407868,44,34.77676031400915,0.004832730977796018,0.10983479494990951,0.00708770751953125,1858,0.0,25.5146484375,0.5640351262056467,0.5688902227716013,0.5740198155244192,38,48
dropout_rate,0.3,8,2,16,64,0.3,0.001,32,50,0.0,0.1,10,5,0.5,True,42,33,33,0.6666666666666666,0.5945945945945945,0.8379446640316206,45,14.347028147953097,0.00476267997873947,0.10583733286087713,0.00708770751953125,1858,0.0,25.5146484375,0.5903239412741228,0.6127928292209451,0.5875592172145844,10,20
dropout_rate,0.3,8,2,16,64,0.3,0.001,32,50,0.0,0.1,10,5,0.5,True,42,34,34,0.8666666666666667,0.8695652173913043,0.9404761904761905,45,15.993355774029624,0.004844464012421668,0.1076547558315926,0.00708770751953125,1858,0.0,25.5146484375,0.5799587931145321,0.6141560813694289,0.5962453484535217,12,22
dropout_rate,0.3,8,2,16,64,0.3,0.001,32,50,0.0,0.1,10,5,0.5,True,42,35,35,0.5777777777777777,0.29629629629629634,0.8695652173913044,45,31.458897806995083,0.004428211017511785,0.09840468927803966,0.00708770751953125,1858,0.0,25.5146484375,0.5615395411397471,0.5606669849067023,0.5815849939982096,34,44
dropout_rate,0.3,8,2,16,64,0.3,0.001,32,50,0.0,0.1,10,5,0.5,True,42,36,36,0.5227272727272727,0.6037735849056604,0.5227272727272727,44,22.33165224600816,0.004738097020890564,0.10768402320205828,0.00708770751953125,1858,0.0,25.5146484375,0.5706612632581682,0.5808528871698813,0.5925903419653574,21,31
dropout_rate,0.3,8,2,16,64,0.3,0.001,32,50,0.0,0.1,10,5,0.5,True,42,37,37,0.5111111111111111,0.0,0.5731225296442688,45,23.845786129008047,0.004808216996025294,0.10684926657833986,0.00708770751953125,1858,0.0,25.5146484375,0.5713813149116256,0.5867518850348212,0.5765741427739461,23,33
dropout_rate,0.3,8,2,16,64,0.3,0.001,32,50,0.0,0.1,10,5,0.5,True,42,38,38,0.6,0.55,0.6541501976284585,45,28.748761457041837,0.004849842982366681,0.10777428849703737,0.00708770751953125,1858,0.0,25.5146484375,0.5798259571646199,0.57604526525194,0.5655329525470734,30,40
dropout_rate,0.3,8,2,16,64,0.3,0.001,32,50,0.0,0.1,10,5,0.5,True,42,39,39,0.6363636363636364,0.6190476190476191,0.6438923395445135,44,20.05240309704095,0.004437570984009653,0.10085388600021938,0.00708770751953125,1858,0.0,25.5146484375,0.5770918720147826,0.5972099180022875,0.5702351848284404,18,28
dropout_rate,0.3,8,2,16,64,0.3,0.001,32,50,0.0,0.1,10,5,0.5,True,42,40,40,0.4444444444444444,0.5454545454545454,0.4166666666666667,45,15.256748849991709,0.004785379976965487,0.1063417772658997,0.00708770751953125,1858,0.0,25.5146484375,0.5887428163127466,0.603526353158734,0.6004635314146678,11,21
dropout_rate,0.3,8,2,16,64,0.3,0.001,32,50,0.0,0.1,10,5,0.5,True,42,41,41,0.5333333333333333,0.0,0.6765873015873015,45,19.434833942039404,0.004800535971298814,0.10667857713997364,0.00708770751953125,1858,0.0,25.5146484375,0.5790313299406659,0.5950578792077122,0.5960462053616842,17,27
dropout_rate,0.3,8,2,16,64,0.3,0.001,32,50,0.0,0.1,10,5,0.5,True,42,42,42,0.8888888888888888,0.878048780487805,0.9367588932806324,45,36.28755120903952,0.004805983975529671,0.10679964390065935,0.00708770751953125,1858,0.0,25.5146484375,0.5689287811066165,0.5665042693867828,0.5820556700229644,40,50
dropout_rate,0.3,8,2,16,64,0.3,0.001,32,50,0.0,0.1,10,5,0.5,True,42,43,43,0.8666666666666667,0.85,0.958498023715415,45,17.29796586901648,0.0032198900007642806,0.07155311112809512,0.00708770751953125,1858,0.0,25.5146484375,0.5808808792269591,0.5949428162791512,0.5799936393896739,14,24
dropout_rate,0.3,8,2,16,64,0.3,0.001,32,50,0.0,0.1,10,5,0.5,True,42,44,44,0.8275862068965517,0.8387096774193549,0.9047619047619048,29,22.986182810971513,0.0035225439933128655,0.12146703425216777,0.00708770751953125,1858,0.0,25.5146484375,0.5709199049707615,0.5919872883594397,0.5891088167826335,22,32
dropout_rate,0.3,8,2,16,64,0.3,0.001,32,50,0.0,0.1,10,5,0.5,True,42,45,45,0.6444444444444445,0.4666666666666667,0.7687747035573123,45,22.478719114966225,0.006028955976944417,0.1339767994876537,0.00708770751953125,1858,0.0,25.5146484375,0.5772254701816675,0.5908699638464234,0.5866074442863465,21,31
dropout_rate,0.3,8,2,16,64,0.3,0.001,32,50,0.0,0.1,10,5,0.5,True,42,46,46,0.6888888888888889,0.6666666666666666,0.7371541501976285,45,33.05785993702011,0.004403803963214159,0.09786231029364797,0.00708770751953125,1858,0.0,25.5146484375,0.5722425516807672,0.5761387233029712,0.5767733832200368,36,46
dropout_rate,0.3,8,2,16,64,0.3,0.001,32,50,0.0,0.1,10,5,0.5,True,42,47,47,0.4666666666666667,0.6,0.5753968253968254,45,25.978000639006495,0.004834378021769226,0.10743062270598279,0.00708770751953125,1858,0.0,25.5146484375,0.5715558603405952,0.5754242891615088,0.5909745673338572,26,36
dropout_rate,0.3,8,2,16,64,0.3,0.001,32,50,0.0,0.1,10,5,0.5,True,42,48,48,0.5882352941176471,0.4615384615384615,0.9142857142857143,17,29.01323035702808,0.003337877045851201,0.1963457085794824,0.00708770751953125,1858,0.0,25.5146484375,0.5624735895404243,0.5809391443442581,0.5942144453525543,30,40
dropout_rate,0.3,8,2,16,64,0.3,0.001,32,50,0.0,0.1,10,5,0.5,True,42,49,49,0.7555555555555555,0.8,0.9604743083003953,45,31.779626709001604,0.004027422983199358,0.0894982885155413,0.00708770751953125,1858,0.0,25.5146484375,0.5685870119116523,0.5786904123696414,0.5847362836201986,34,44
dropout_rate,0.3,8,2,16,64,0.3,0.001,32,50,0.0,0.1,10,5,0.5,True,42,50,50,0.5555555555555556,0.23076923076923075,0.6383399209486167,45,18.723522371030413,0.004029867006465793,0.08955260014368428,0.00708770751953125,1858,0.0,25.5146484375,0.5748089177138878,0.5914060195738619,0.5803792615731557,16,26
dropout_rate,0.3,8,2,16,64,0.3,0.001,32,50,0.0,0.1,10,5,0.5,True,42,51,51,0.5111111111111111,0.65625,0.7976190476190476,45,22.99468974902993,0.004790581006091088,0.10645735569091307,0.00708770751953125,1858,0.0,25.5146484375,0.5735206723664746,0.5797433771870353,0.6002417127291362,22,32
dropout_rate,0.3,8,2,16,64,0.3,0.001,32,50,0.0,0.1,10,5,0.5,True,42,52,52,0.8048780487804879,0.7499999999999999,0.9114832535885168,41,35.99449138401542,0.004416857031174004,0.10772822027253669,0.00708770751953125,1858,0.0,25.5146484375,0.5793091338692289,0.5764684385874055,0.5945248961448669,48,50
dropout_rate,0.3,8,2,16,64,0.3,0.001,32,50,0.0,0.1,10,5,0.5,True,42,53,53,0.5581395348837209,0.5581395348837208,0.5909090909090909,43,26.8075247569941,0.004781429015565664,0.11119602361780613,0.00708770751953125,1858,0.0,25.5146484375,0.5675778892455678,0.5810885941891959,0.5809759537378947,27,37
dropout_rate,0.3,8,2,16,64,0.3,0.001,32,50,0.0,0.1,10,5,0.5,True,42,54,54,0.7435897435897436,0.7368421052631579,0.8505434782608696,39,23.922918107011355,0.00452133797807619,0.11593174302759461,0.00708770751953125,1858,0.0,25.5146484375,0.5757191303101453,0.5904829201824737,0.5758089999357859,23,33
dropout_rate,0.3,8,2,16,64,0.3,0.001,32,50,0.0,0.1,10,5,0.5,True,42,55,55,0.9111111111111111,0.9090909090909091,0.9644268774703557,45,28.959638655011076,0.004816417989786714,0.10703151088414921,0.00708770751953125,1858,0.0,25.5146484375,0.5665294374480392,0.5757357521039067,0.5913413524627685,30,40
dropout_rate,0.3,8,2,16,64,0.3,0.001,32,50,0.0,0.1,10,5,0.5,True,42,56,56,0.8636363636363636,0.8695652173913043,0.8987603305785123,44,18.889297696994618,0.004781496012583375,0.10867036392234944,0.00708770751953125,1858,0.0,25.5146484375,0.576035264089252,0.5931550711393356,0.591570007801056,18,28
dropout_rate,0.3,8,2,16,64,0.3,0.001,32,50,0.0,0.1,10,5,0.5,True,42,57,57,0.4888888888888889,0.5490196078431373,0.5158730158730159,45,18.650692896044347,0.004782403004355729,0.10627562231901619,0.00708770751953125,1858,0.0,25.5146484375,0.5751029745195851,0.5943177078257907,0.6080413818359375,16,26
dropout_rate,0.3,8,2,16,64,0.3,0.001,32,50,0.0,0.1,10,5,0.5,True,42,58,58,0.6222222222222222,0.6792452830188678,0.738095238095238,45,13.511934110021684,0.003259018005337566,0.07242262234083481,0.00708770751953125,1858,0.0,25.5146484375,0.5843526919682821,0.610350569315029,0.609593782822291,9,19
dropout_rate,0.3,8,2,16,64,0.3,0.001,32,50,0.0,0.1,10,5,0.5,True,42,59,59,0.6222222222222222,0.37037037037037035,0.6468253968253969,45,20.208451782993507,0.005956788023468107,0.13237306718818015,0.00708770751953125,1858,0.0,25.5146484375,0.5750781733429793,0.5874452870903593,0.5923741141955058,18,28
dropout_rate,0.3,8,2,16,64,0.3,0.001,32,50,0.0,0.1,10,5,0.5,True,42,60,60,0.7954545454545454,0.7906976744186046,0.8822314049586777,44,24.57090975996107,0.0048204659833572805,0.10955604507630183,0.00708770751953125,1858,0.0,25.5146484375,0.5715109152775822,0.585156813038118,0.5940844933191936,24,34
dropout_rate,0.3,8,2,16,64,0.3,0.001,32,50,0.0,0.1,10,5,0.5,True,42,61,61,0.7441860465116279,0.7659574468085107,0.8636363636363636,43,15.755909880972467,0.004679106001276523,0.10881641863433773,0.00708770751953125,1858,0.0,25.5146484375,0.5866697658643578,0.60092369421865,0.6010902086893718,12,22
dropout_rate,0.3,8,2,16,64,0.3,0.001,32,50,0.0,0.1,10,5,0.5,True,42,62,62,0.8666666666666667,0.85,0.9664031620553359,45,36.158947210002225,0.00683622999349609,0.1519162220776909,0.00708770751953125,1858,0.0,25.5146484375,0.5655223584987901,0.5655223584987901,0.6056408365567525,50,50
dropout_rate,0.3,8,2,16,64,0.3,0.001,32,50,0.0,0.1,10,5,0.5,True,42,63,63,0.4883720930232558,0.3529411764705882,0.49567099567099565,43,23.116397019010037,0.002411139023024589,0.05607300053545555,0.00708770751953125,1858,0.0,25.5146484375,0.5706159470207763,0.5824831487102942,0.6027958909670512,22,32
dropout_rate,0.3,8,2,16,64,0.3,0.001,32,50,0.0,0.1,10,5,0.5,True,42,64,64,0.7111111111111111,0.6285714285714286,0.8043478260869565,45,34.56341695797164,0.004811941005755216,0.10693202235011591,0.00708770751953125,1858,0.0,25.5146484375,0.5604651798353051,0.5686078891158104,0.5794198890527089,38,48
dropout_rate,0.3,8,2,16,64,0.3,0.001,32,50,0.0,0.1,10,5,0.5,True,42,65,65,0.8444444444444444,0.8444444444444444,0.8948412698412698,45,25.079745697032195,0.0044697169796563685,0.09932704399236374,0.00708770751953125,1858,0.0,25.5146484375,0.5756946352846695,0.5794630122907234,0.6081209937731425,25,35
dropout_rate,0.3,8,2,16,64,0.3,0.001,32,50,0.0,0.1,10,5,0.5,True,42,66,66,0.6,0.6086956521739131,0.6679841897233202,45,28.295420486014336,0.004838828986976296,0.10752953304391769,0.00708770751953125,1858,0.0,25.5146484375,0.5518757628672051,0.5680434678991636,0.6139504730701446,29,39
dropout_rate,0.3,8,2,16,64,0.3,0.001,32,50,0.0,0.1,10,5,0.5,True,42,67,67,0.5111111111111111,0.15384615384615383,0.6857707509881423,45,22.275142717000563,0.004715488001238555,0.10478862224974565,0.00708770751953125,1858,0.0,25.5146484375,0.5722809169780124,0.587788286985773,0.6164641857147217,21,31
dropout_rate,0.3,8,2,16,64,0.3,0.001,32,50,0.0,0.1,10,5,0.5,True,42,68,68,0.6222222222222222,0.5142857142857143,0.7292490118577074,45,15.941150788974483,0.004784631018992513,0.1063251337553892,0.00708770751953125,1858,0.0,25.5146484375,0.5834485723665266,0.5946742140434005,0.5978074411551157,12,22
dropout_rate,0.3,8,2,16,64,0.3,0.001,32,50,0.0,0.1,10,5,0.5,True,42,69,69,0.5333333333333333,0.6181818181818182,0.5357142857142858,45,20.92526792897843,0.004836732987314463,0.10748295527365472,0.00708770751953125,1858,0.0,25.5146484375,0.5738657150756229,0.5891736632946766,0.6178468922773998,19,29
dropout_rate,0.3,8,2,16,64,0.3,0.001,32,50,0.0,0.1,10,5,0.5,True,42,70,70,0.6888888888888889,0.6818181818181819,0.8023715415019763,45,14.276152901002206,0.0038104819832369685,0.08467737740526596,0.00708770751953125,1858,0.0,25.5146484375,0.5887914498647054,0.6057260548978141,0.6072781046231588,10,20
dropout_rate,0.3,8,2,16,64,0.3,0.001,32,50,0.0,0.1,10,5,0.5,True,42,71,71,0.8888888888888888,0.878048780487805,0.9782608695652174,45,16.603614947991446,0.004072316980455071,0.09049593289900157,0.00708770751953125,1858,0.0,25.5146484375,0.587426872190201,0.6022467857057398,0.6127340932687123,13,23
dropout_rate,0.3,8,2,16,64,0.3,0.001,32,50,0.0,0.1,10,5,0.5,True,42,72,72,0.8222222222222222,0.84,0.9367588932806323,45,23.569511402980424,0.004769753024447709,0.10599451165439354,0.00708770751953125,1858,0.0,25.5146484375,0.5775967285488591,0.5831148069013249,0.606745320558548,23,33
dropout_rate,0.3,8,2,16,64,0.3,0.001,32,50,0.0,0.1,10,5,0.5,True,42,73,73,0.6222222222222222,0.711864406779661,0.7648221343873518,45,22.309611062984914,0.004020702966954559,0.08934895482121243,0.00708770751953125,1858,0.0,25.5146484375,0.5680233016610146,0.5774869286652767,0.6147180378437043,21,31
dropout_rate,0.3,8,2,16,64,0.3,0.001,32,50,0.0,0.1,10,5,0.5,True,42,74,74,0.5111111111111111,0.5925925925925926,0.6111111111111112,45,24.464788821991533,0.004402595979627222,0.09783546621393827,0.00708770751953125,1858,0.0,25.5146484375,0.5700763845534036,0.5775314047932625,0.6054588556289673,24,34
dropout_rate,0.3,8,2,16,64,0.3,0.001,32,50,0.0,0.1,10,5,0.5,True,42,75,75,0.8292682926829268,0.8205128205128205,0.919047619047619,41,20.82363537803758,0.004636843979824334,0.11309375560547157,0.00708770751953125,1858,0.0,25.5146484375,0.5755150146556623,0.5830570775451083,0.598490583896637,19,29
dropout_rate,0.3,8,2,16,64,0.3,0.001,32,50,0.0,0.1,10,5,0.5,True,42,76,76,0.4888888888888889,0.6349206349206349,0.5434782608695652,45,35.91910718096187,0.006003431044518948,0.13340957876708773,0.00708770751953125,1858,0.0,25.5146484375,0.5549136709534761,0.5549136709534761,0.5945843617121379,50,50
dropout_rate,0.3,8,2,16,64,0.3,0.001,32,50,0.0,0.1,10,5,0.5,True,42,77,77,0.5333333333333333,0.6666666666666667,0.6507936507936508,45,20.187729729979765,0.004753897024784237,0.10564215610631637,0.00708770751953125,1858,0.0,25.5146484375,0.5700451131119872,0.5889078554782,0.6361920317014058,18,28
dropout_rate,0.3,8,2,16,64,0.3,0.001,32,50,0.0,0.1,10,5,0.5,True,42,78,78,0.5333333333333333,0.5714285714285714,0.6027667984189724,45,13.026873412018176,0.004792518971953541,0.10650042159896758,0.00708770751953125,1858,0.0,25.5146484375,0.5852008918018052,0.6091758958769568,0.6220219135284424,8,18
dropout_rate,0.3,8,2,16,64,0.3,0.001,32,50,0.0,0.1,10,5,0.5,True,42,79,79,0.525,0.5777777777777778,0.5675,40,21.46477323299041,0.004772334999870509,0.11930837499676272,0.00708770751953125,1858,0.0,25.5146484375,0.5763998013554197,0.5887431579105782,0.6003061016400655,20,30
dropout_rate,0.3,8,2,16,64,0.3,0.001,32,50,0.0,0.1,10,5,0.5,True,42,80,80,0.6,0.5263157894736842,0.6620553359683794,45,17.493576620006934,0.004863058973569423,0.10806797719043162,0.00708770751953125,1858,0.0,25.5146484375,0.5781534860531489,0.6007981381633065,0.6227339526017507,14,24
dropout_rate,0.3,8,2,16,64,0.3,0.001,32,50,0.0,0.1,10,5,0.5,True,42,81,81,0.4888888888888889,0.0,0.9031620553359684,45,20.186249828955624,0.004779389011673629,0.10620864470385842,0.00708770751953125,1858,0.0,25.5146484375,0.5795210211566,0.5835941246513164,0.6039435406525929,18,28
dropout_rate,0.3,8,2,16,64,0.3,0.001,32,50,0.0,0.1,10,5,0.5,True,42,82,82,0.5333333333333333,0.676923076923077,0.8122529644268774,45,18.194249214953743,0.00485656299861148,0.10792362219136623,0.00708770751953125,1858,0.0,25.5146484375,0.5794654499852296,0.6049727165337765,0.61092675725619,15,25
dropout_rate,0.3,8,2,16,64,0.3,0.001,32,50,0.0,0.1,10,5,0.5,True,42,83,83,0.6842105263157895,0.5714285714285714,0.9113573407202216,38,14.348060885968152,0.004634047974832356,0.12194863091664095,0.00708770751953125,1858,0.0,25.5146484375,0.5785134942694143,0.6050173371578708,0.6055879811445872,10,20
dropout_rate,0.3,8,2,16,64,0.3,0.001,32,50,0.0,0.1,10,5,0.5,True,42,84,84,0.6590909090909091,0.6808510638297872,0.7556935817805382,44,22.917845567979384,0.004713877046015114,0.10713356922761622,0.00708770751953125,1858,0.0,25.5146484375,0.5750194591554728,0.5840622994935873,0.6075307448705037,22,32
dropout_rate,0.3,8,2,16,64,0.3,0.001,32,50,0.0,0.1,10,5,0.5,True,42,85,85,0.9772727272727273,0.9767441860465117,0.9958592132505176,44,12.988032067019958,0.004754873982165009,0.10806531777647747,0.00708770751953125,1858,0.0,25.5146484375,0.5926685143600811,0.6212167105439937,0.601348360379537,8,18
dropout_rate,0.3,8,2,16,64,0.3,0.001,32,50,0.0,0.1,10,5,0.5,True,42,86,86,0.8181818181818182,0.8260869565217391,0.8612836438923396,44,14.432165052974597,0.004007151001133025,0.0910716136621142,0.00708770751953125,1858,0.0,25.5146484375,0.5906604905471657,0.6031193900288958,0.6157317876815795,10,20
dropout_rate,0.3,8,2,16,64,0.3,0.001,32,50,0.0,0.1,10,5,0.5,True,42,87,87,0.5555555555555556,0.6428571428571429,0.650197628458498,45,26.13249544298742,0.00407489703502506,0.09055326744500133,0.00708770751953125,1858,0.0,25.5146484375,0.5702477969003447,0.5747157294641841,0.5926487624645234,26,36
dropout_rate,0.3,8,2,16,64,0.3,0.001,32,50,0.0,0.1,10,5,0.5,True,42,88,88,0.5454545454545454,0.41860465116279066,0.6203703703703703,55,17.939697244029958,0.004471177002415061,0.08129412731663747,0.00708770751953125,1858,0.0,25.5146484375,0.5740807313810695,0.5916984842130633,0.6039470752080282,15,25
dropout_rate,0.3,8,2,16,64,0.3,0.001,32,50,0.0,0.1,10,5,0.5,True,42,89,89,0.5555555555555556,0.5,0.5674603174603174,45,23.106096962001175,0.004762903961818665,0.105842310262637,0.00708770751953125,1858,0.0,25.5146484375,0.5731797974669572,0.5883842180624153,0.6139634172121684,22,32
dropout_rate,0.3,8,2,16,64,0.3,0.001,32,50,0.0,0.1,10,5,0.5,True,42,90,90,0.6666666666666666,0.6808510638297872,0.7450592885375494,45,22.444434419972822,0.004820523026864976,0.1071227339303328,0.00708770751953125,1858,0.0,25.5146484375,0.5740435509519144,0.5863284285772931,0.5955371896425883,21,31
dropout_rate,0.3,8,2,16,64,0.3,0.001,32,50,0.0,0.1,10,5,0.5,True,42,91,91,0.6363636363636364,0.7241379310344828,0.8037190082644627,44,31.569662916997913,0.004386038985103369,0.09968270420689473,0.00708770751953125,1858,0.0,25.5146484375,0.5741442426136045,0.5723316750743173,0.5909421563148498,34,44
dropout_rate,0.3,8,2,16,64,0.3,0.001,32,50,0.0,0.1,10,5,0.5,True,42,92,92,0.6607142857142857,0.5957446808510638,0.7435897435897436,56,18.11803825502284,0.004901468986645341,0.0875262319043811,0.00708770751953125,1858,0.0,25.5146484375,0.5825971518502091,0.5966180165608724,0.6360932389895121,15,25
dropout_rate,0.3,8,2,16,64,0.3,0.001,32,50,0.0,0.1,10,5,0.5,True,42,93,93,0.6888888888888889,0.6956521739130435,0.8359683794466404,45,21.67707459599478,0.006081229017581791,0.1351384226129287,0.00708770751953125,1858,0.0,25.5146484375,0.5686751202200399,0.5877218083901838,0.6081596553325653,20,30
dropout_rate,0.3,8,2,16,64,0.3,0.001,32,50,0.0,0.1,10,5,0.5,True,42,94,94,0.9090909090909091,0.92,0.9937888198757765,44,20.806846427032724,0.004771005013026297,0.10843193211423403,0.00708770751953125,1858,0.0,25.5146484375,0.5902004002621679,0.5980816278042216,0.6201134284337362,19,29
dropout_rate,0.3,8,2,16,64,0.3,0.001,32,50,0.0,0.1,10,5,0.5,True,42,95,95,0.7142857142857143,0.6,0.7447916666666666,28,17.454549852001946,0.0031874210108071566,0.11383646467168416,0.00708770751953125,1858,0.0,25.5146484375,0.5809259177608923,0.6042766015638005,0.5847605506579081,14,24
dropout_rate,0.3,8,2,16,64,0.3,0.001,32,50,0.0,0.1,10,5,0.5,True,42,96,96,0.7619047619047619,0.7916666666666667,0.7460317460317459,42,16.506517403991893,0.0048010359751060605,0.11431038035966812,0.00708770751953125,1858,0.0,25.5146484375,0.5757342129945755,0.6049080640077591,0.6010719974835713,13,23
dropout_rate,0.3,8,2,16,64,0.3,0.001,32,50,0.0,0.1,10,5,0.5,True,42,97,97,0.4772727272727273,0.30303030303030304,0.5227272727272727,44,34.614765604026616,0.004381988022942096,0.09959063688504763,0.00708770751953125,1858,0.0,25.5146484375,0.5651410820357727,0.5666024479450602,0.6131676157315572,38,48
dropout_rate,0.3,8,2,16,64,0.3,0.001,32,50,0.0,0.1,10,5,0.5,True,42,98,98,0.5333333333333333,0.6315789473684209,0.5691699604743082,45,19.443995409004856,0.004747188999317586,0.10549308887372413,0.00708770751953125,1858,0.0,25.5146484375,0.5757558919263609,0.5832311113675436,0.6150335649649302,17,27
dropout_rate,0.3,8,2,16,64,0.3,0.001,32,50,0.0,0.1,10,5,0.5,True,42,99,99,0.4883720930232558,0.47619047619047616,0.5454545454545454,43,27.560654958011582,0.006336008955258876,0.14734904547113667,0.00708770751953125,1858,0.0,25.5146484375,0.5672899949731249,0.572630341080102,0.6152862310409546,28,38
dropout_rate,0.3,8,2,16,64,0.3,0.001,32,50,0.0,0.1,10,5,0.5,True,42,100,100,0.5,0.625,0.4938271604938272,36,23.6593740269891,0.003987383970525116,0.11076066584791988,0.00708770751953125,1858,0.0,25.5146484375,0.5727903208497799,0.5898411298791567,0.5656700352827708,23,33
dropout_rate,0.3,8,2,16,64,0.3,0.001,32,50,0.0,0.1,10,5,0.5,True,42,101,101,0.5111111111111111,0.3888888888888889,0.5138339920948617,45,35.91778047301341,0.004419632023200393,0.09821404496000873,0.00708770751953125,1858,0.0,25.5146484375,0.5740504492864464,0.5694502124732191,0.5995642264684041,45,50
dropout_rate,0.3,8,2,16,64,0.3,0.001,32,50,0.0,0.1,10,5,0.5,True,42,102,102,0.7111111111111111,0.7636363636363634,0.808300395256917,45,20.932707609958015,0.0032008999842219055,0.0711311107604868,0.00708770751953125,1858,0.0,25.5146484375,0.5825142280170412,0.587536899429379,0.6191489974657695,19,29
dropout_rate,0.3,8,2,16,64,0.3,0.001,32,50,0.0,0.1,10,5,0.5,True,42,103,103,0.6976744186046512,0.6486486486486486,0.8008658008658008,43,15.215994031983428,0.004687402979470789,0.10900937161559976,0.00708770751953125,1858,0.0,25.5146484375,0.586360921462377,0.6126216067509218,0.6069158951441447,11,21
dropout_rate,0.3,8,2,16,64,0.3,0.001,32,50,0.0,0.1,10,5,0.5,True,42,104,104,0.4883720930232558,0.6206896551724138,0.6948051948051949,43,28.02852414699737,0.004796076973434538,0.11153667380080319,0.00708770751953125,1858,0.0,25.5146484375,0.5764135783820441,0.576911677013744,0.5922604680061341,29,39
dropout_rate,0.3,8,2,16,64,0.3,0.001,32,50,0.0,0.1,10,5,0.5,True,42,105,105,0.5777777777777777,0.4242424242424242,0.6561264822134387,45,35.90885875595268,0.00478895305423066,0.10642117898290356,0.00708770751953125,1858,0.0,25.5146484375,0.5557809794942538,0.5534293629003294,0.6104931394259135,48,50
dropout_rate,0.3,8,2,16,64,0.3,0.001,32,50,0.0,0.1,10,5,0.5,True,42,106,106,0.6,0.5714285714285714,0.6190476190476191,45,35.379920028033666,0.0020743589848279953,0.046096866329511,0.00708770751953125,1858,0.0,25.5146484375,0.5660581968047402,0.5733257620172068,0.5971345901489258,39,49
dropout_rate,0.3,8,2,16,64,0.3,0.001,32,50,0.0,0.1,10,5,0.5,True,42,107,107,0.5777777777777777,0.5581395348837208,0.6329365079365079,45,16.73311733803712,0.0048222659970633686,0.10716146660140818,0.00708770751953125,1858,0.0,25.5146484375,0.5829557035908555,0.5996035922205809,0.6153536061445872,13,23
dropout_rate,0.3,8,2,16,64,0.3,0.001,32,50,0.0,0.1,10,5,0.5,True,42,108,108,0.8,0.8235294117647057,0.8794466403162055,45,12.145846467989031,0.004372208961285651,0.09716019913968113,0.00708770751953125,1858,0.0,25.5146484375,0.5953463821700125,0.6245247139172121,0.6178024411201477,7,17
dropout_rate,0.5,8,2,16,64,0.5,0.001,32,50,0.0,0.1,10,5,0.5,True,42,1,1,0.7555555555555555,0.7755102040816326,0.8636363636363636,45,33.88559883798007,0.003251882968470454,0.0722640659660101,0.00708770751953125,1858,0.0,25.5146484375,0.5949354029514573,0.5921838647036841,0.573833558956782,37,47
dropout_rate,0.5,8,2,16,64,0.5,0.001,32,50,0.0,0.1,10,5,0.5,True,42,2,2,0.8222222222222222,0.7894736842105263,0.9624505928853755,45,36.21369350398891,0.004844476003199816,0.10765502229332924,0.00708770751953125,1858,0.0,25.5146484375,0.5999915464357897,0.5967626664223094,0.5729096452395122,41,50
dropout_rate,0.5,8,2,16,64,0.5,0.001,32,50,0.0,0.1,10,5,0.5,True,42,3,3,0.35555555555555557,0.3829787234042554,0.3102766798418972,45,26.643484344007447,0.00484936498105526,0.10776366624567243,0.00708770751953125,1858,0.0,25.5146484375,0.6063688654791225,0.6059964050849279,0.5717170178890228,27,37
dropout_rate,0.5,8,2,16,64,0.5,0.001,32,50,0.0,0.1,10,5,0.5,True,42,4,4,0.6666666666666666,0.7368421052631579,0.8102766798418973,45,35.961830064014066,0.006025423004757613,0.13389828899461362,0.00708770751953125,1858,0.0,25.5146484375,0.5976894287900492,0.5935858555815436,0.5622792482376099,47,50
dropout_rate,0.5,8,2,16,64,0.5,0.001,32,50,0.0,0.1,10,5,0.5,True,42,5,5,0.4666666666666667,0.625,0.39880952380952384,45,24.69404479896184,0.004852926998864859,0.10784282219699688,0.00708770751953125,1858,0.0,25.5146484375,0.599545162284013,0.602701350820787,0.5869557996590932,24,34
dropout_rate,0.5,8,2,16,64,0.5,0.001,32,50,0.0,0.1,10,5,0.5,True,42,6,6,0.5777777777777777,0.3870967741935483,0.5198412698412699,45,21.478699615981895,0.0032947659492492676,0.07321702109442817,0.00708770751953125,1858,0.0,25.5146484375,0.6026232906363227,0.6074606868805308,0.5876362721125284,20,30
dropout_rate,0.5,8,2,16,64,0.5,0.001,32,50,0.0,0.1,10,5,0.5,True,42,7,7,0.8888888888888888,0.8936170212765958,0.982213438735178,45,35.97395354899345,0.004408945038449019,0.0979765564099782,0.00708770751953125,1858,0.0,25.5146484375,0.6058862852779302,0.6061493874047742,0.5836233019828796,42,50
dropout_rate,0.5,8,2,16,64,0.5,0.001,32,50,0.0,0.1,10,5,0.5,True,42,8,8,0.7111111111111111,0.6666666666666667,0.7411067193675889,45,31.04645757895196,0.003983331029303372,0.0885184673178527,0.00708770751953125,1858,0.0,25.5146484375,0.6013034058339668,0.5991426159938177,0.5844772915045421,33,43
dropout_rate,0.5,8,2,16,64,0.5,0.001,32,50,0.0,0.1,10,5,0.5,True,42,9,9,0.5333333333333333,0.4878048780487805,0.5694444444444444,45,35.281535825983156,0.004851389967370778,0.10780866594157285,0.00708770751953125,1858,0.0,25.5146484375,0.5965460008292487,0.5946366382819234,0.586246124903361,39,49
dropout_rate,0.5,8,2,16,64,0.5,0.001,32,50,0.0,0.1,10,5,0.5,True,42,10,10,0.6666666666666666,0.6808510638297872,0.7579365079365079,45,32.93578540999442,0.004764996003359556,0.10588880007465681,0.00708770751953125,1858,0.0,25.5146484375,0.6010111863865997,0.5980331848065058,0.597202064593633,36,46
dropout_rate,0.5,8,2,16,64,0.5,0.001,32,50,0.0,0.1,10,5,0.5,True,42,11,11,0.5333333333333333,0.5714285714285714,0.5395256916996047,45,27.27082362002693,0.004692639980930835,0.10428088846512967,0.00708770751953125,1858,0.0,25.5146484375,0.6034827446847251,0.61113058278958,0.571633783976237,28,38
dropout_rate,0.5,8,2,16,64,0.5,0.001,32,50,0.0,0.1,10,5,0.5,True,42,12,12,0.7555555555555555,0.7179487179487181,0.878968253968254,45,13.014163272979204,0.004808855999726802,0.10686346666059561,0.00708770751953125,1858,0.0,25.5146484375,0.613356671324282,0.6380160414811337,0.5954203367233276,8,18
dropout_rate,0.5,8,2,16,64,0.5,0.001,32,50,0.0,0.1,10,5,0.5,True,42,13,13,0.6571428571428571,0.6842105263157895,0.7810457516339869,35,32.98964654398151,0.0034587529953569174,0.09882151415305479,0.00708770751953125,1858,0.0,25.5146484375,0.5969911382505388,0.6049372969251691,0.6158591588338216,36,46
dropout_rate,0.5,8,2,16,64,0.5,0.001,32,50,0.0,0.1,10,5,0.5,True,42,14,14,0.6222222222222222,0.7118644067796611,0.7371541501976284,45,35.91241753695067,0.006191644992213696,0.13759211093808216,0.00708770751953125,1858,0.0,25.5146484375,0.5968859367298357,0.5968859367298357,0.5873519500096639,50,50
dropout_rate,0.5,8,2,16,64,0.5,0.001,32,50,0.0,0.1,10,5,0.5,True,42,15,15,0.6666666666666666,0.7457627118644068,0.9723320158102767,45,36.18521905702073,0.004041859006974846,0.08981908904388547,0.00708770751953125,1858,0.0,25.5146484375,0.5950630124319684,0.5896230001341213,0.5691551287968953,40,50
dropout_rate,0.5,8,2,16,64,0.5,0.001,32,50,0.0,0.1,10,5,0.5,True,42,16,16,0.7111111111111111,0.6829268292682927,0.766798418972332,45,35.850829593022354,0.0044304560287855566,0.0984545784174568,0.00708770751953125,1858,0.0,25.5146484375,0.5986402978499731,0.6001048815069776,0.585011609395345,48,50
dropout_rate,0.5,8,2,16,64,0.5,0.001,32,50,0.0,0.1,10,5,0.5,True,42,17,17,0.5476190476190477,0.1739130434782609,0.6909090909090909,42,36.1380065419944,0.004878696985542774,0.11615945203673272,0.00708770751953125,1858,0.0,25.5146484375,0.5862978660699093,0.5862978660699093,0.5958252290884654,50,50
dropout_rate,0.5,8,2,16,64,0.5,0.001,32,50,0.0,0.1,10,5,0.5,True,42,18,18,0.4444444444444444,0.5098039215686274,0.42885375494071143,45,35.91371275502024,0.00441949802916497,0.0982110673147771,0.00708770751953125,1858,0.0,25.5146484375,0.5884054255756465,0.5997622096628854,0.5810048282146454,40,50
dropout_rate,0.5,8,2,16,64,0.5,0.001,32,50,0.0,0.1,10,5,0.5,True,42,19,19,0.6444444444444445,0.7037037037037037,0.8181818181818182,45,28.915836226020474,0.006069341965485364,0.13487426589967474,0.00708770751953125,1858,0.0,25.5146484375,0.5995588885112242,0.6073625966003446,0.5758096396923065,30,40
dropout_rate,0.5,8,2,16,64,0.5,0.001,32,50,0.0,0.1,10,5,0.5,True,42,20,20,0.6,0.5000000000000001,0.5612648221343874,45,35.91462259599939,0.006003696005791426,0.133415466795365,0.00708770751953125,1858,0.0,25.5146484375,0.5975232821973887,0.600751022723588,0.5738133172194163,41,50
dropout_rate,0.5,8,2,16,64,0.5,0.001,32,50,0.0,0.1,10,5,0.5,True,42,21,21,0.5333333333333333,0.6666666666666666,0.8492063492063492,45,26.683772190997843,0.004832684004213661,0.10739297787141469,0.00708770751953125,1858,0.0,25.5146484375,0.5939471107540708,0.6054320213469592,0.5883366783459981,27,37
dropout_rate,0.5,8,2,16,64,0.5,0.001,32,50,0.0,0.1,10,5,0.5,True,42,22,22,0.5555555555555556,0.6296296296296297,0.658102766798419,45,35.931500798033085,0.004778001981321722,0.10617782180714938,0.00708770751953125,1858,0.0,25.5146484375,0.5840764822381915,0.5969153220454851,0.593604576587677,42,50
dropout_rate,0.5,8,2,16,64,0.5,0.001,32,50,0.0,0.1,10,5,0.5,True,42,23,23,0.5909090909090909,0.7000000000000001,0.8099173553719008,44,24.60729783202987,0.0048333180020563304,0.10984813641037114,0.00708770751953125,1858,0.0,25.5146484375,0.6018840422232946,0.6039538740208654,0.5986437280972798,24,34
dropout_rate,0.5,8,2,16,64,0.5,0.001,32,50,0.0,0.1,10,5,0.5,True,42,24,24,0.6111111111111112,0.7407407407407406,0.7142857142857143,18,36.27688057202613,0.0033362179528921843,0.18534544182734358,0.00708770751953125,1858,0.0,25.5146484375,0.5957406351440832,0.6022601362906004,0.601345686117808,48,50
dropout_rate,0.5,8,2,16,64,0.5,0.001,32,50,0.0,0.1,10,5,0.5,True,42,25,25,0.6666666666666666,0.5454545454545454,0.8715415019762845,45,28.825923781027086,0.005987998971249908,0.1330666438055535,0.00708770751953125,1858,0.0,25.5146484375,0.5963580527088859,0.6109794012524865,0.592115044593811,30,40
dropout_rate,0.5,8,2,16,64,0.5,0.001,32,50,0.0,0.1,10,5,0.5,True,42,26,26,0.5777777777777777,0.6885245901639345,0.9206349206349206,45,27.322843556001317,0.004858607950154692,0.10796906555899315,0.00708770751953125,1858,0.0,25.5146484375,0.5958977874481317,0.597948983085878,0.5815749545892079,28,38
dropout_rate,0.5,8,2,16,64,0.5,0.001,32,50,0.0,0.1,10,5,0.5,True,42,27,27,0.4444444444444444,0.576271186440678,0.6264822134387352,45,32.23496254096972,0.003224615997169167,0.07165813327042593,0.00708770751953125,1858,0.0,25.5146484375,0.5936829648686178,0.593463205252633,0.5748555223147075,35,45
dropout_rate,0.5,8,2,16,64,0.5,0.001,32,50,0.0,0.1,10,5,0.5,True,42,28,28,0.5777777777777777,0.5581395348837209,0.5494071146245059,45,25.320628666959237,0.0033086349721997976,0.07352522160443994,0.00708770751953125,1858,0.0,25.5146484375,0.5941324211431273,0.5995773767883127,0.5936959564685822,25,35
dropout_rate,0.5,8,2,16,64,0.5,0.001,32,50,0.0,0.1,10,5,0.5,True,42,29,29,0.9333333333333333,0.9361702127659575,0.9841897233201581,45,35.99136141501367,0.004432305984664708,0.09849568854810463,0.00708770751953125,1858,0.0,25.5146484375,0.5995010580077316,0.5996866138143973,0.5808810273806254,43,50
dropout_rate,0.5,8,2,16,64,0.5,0.001,32,50,0.0,0.1,10,5,0.5,True,42,30,30,0.5777777777777777,0.6779661016949152,0.7876984126984127,45,29.672282151994295,0.0033441869891248643,0.07431526642499699,0.00708770751953125,1858,0.0,25.5146484375,0.5997182069854303,0.60483745214614,0.5976361930370331,31,41
dropout_rate,0.5,8,2,16,64,0.5,0.001,32,50,0.0,0.1,10,5,0.5,True,42,31,31,0.8666666666666667,0.8695652173913043,0.875494071146245,45,35.944079810986295,0.006193834007717669,0.1376407557270593,0.00708770751953125,1858,0.0,25.5146484375,0.5908447298588175,0.5908447298588175,0.590676881869634,50,50
dropout_rate,0.5,8,2,16,64,0.5,0.001,32,50,0.0,0.1,10,5,0.5,True,42,32,32,0.7727272727272727,0.7916666666666667,0.8592132505175983,44,27.458951547043398,0.004827469994779676,0.10971522715408355,0.00708770751953125,1858,0.0,25.5146484375,0.6009417449434599,0.6015655023582054,0.5829402347405751,28,38
dropout_rate,0.5,8,2,16,64,0.5,0.001,32,50,0.0,0.1,10,5,0.5,True,42,33,33,0.7111111111111111,0.6486486486486486,0.8675889328063242,45,25.972521555959247,0.00484143994981423,0.10758755444031622,0.00708770751953125,1858,0.0,25.5146484375,0.6054569952415697,0.6122164809794137,0.5849535604317982,26,36
dropout_rate,0.5,8,2,16,64,0.5,0.001,32,50,0.0,0.1,10,5,0.5,True,42,34,34,0.8888888888888888,0.888888888888889,0.9801587301587302,45,20.99821869598236,0.004879293963313103,0.10842875474029116,0.00708770751953125,1858,0.0,25.5146484375,0.6060904729546923,0.6266482601111586,0.5972057203451793,19,29
dropout_rate,0.5,8,2,16,64,0.5,0.001,32,50,0.0,0.1,10,5,0.5,True,42,35,35,0.6666666666666666,0.5161290322580645,0.8932806324110673,45,36.02004405198386,0.004786547040566802,0.10636771201259561,0.00708770751953125,1858,0.0,25.5146484375,0.5936596549370072,0.5976886451244354,0.5850062330563863,40,50
dropout_rate,0.5,8,2,16,64,0.5,0.001,32,50,0.0,0.1,10,5,0.5,True,42,36,36,0.5454545454545454,0.5652173913043478,0.49586776859504134,44,28.164992056961637,0.004761195043101907,0.10820897825231605,0.00708770751953125,1858,0.0,25.5146484375,0.600089227159818,0.600337937700026,0.5880833268165588,29,39
dropout_rate,0.5,8,2,16,64,0.5,0.001,32,50,0.0,0.1,10,5,0.5,True,42,37,37,0.5111111111111111,0.0,0.5039525691699605,45,22.30039020301774,0.003373107989318669,0.07495795531819265,0.00708770751953125,1858,0.0,25.5146484375,0.6036159978671507,0.616578736540043,0.5804388662179311,21,31
dropout_rate,0.5,8,2,16,64,0.5,0.001,32,50,0.0,0.1,10,5,0.5,True,42,38,38,0.6444444444444445,0.4666666666666667,0.650197628458498,45,34.09919435798656,0.00484144501388073,0.10758766697512732,0.00708770751953125,1858,0.0,25.5146484375,0.5895991946260134,0.6013507465973045,0.5830563028653463,37,47
dropout_rate,0.5,8,2,16,64,0.5,0.001,32,50,0.0,0.1,10,5,0.5,True,42,39,39,0.5681818181818182,0.6122448979591837,0.6501035196687371,44,26.63641896803165,0.004812602011952549,0.10937731845346703,0.00708770751953125,1858,0.0,25.5146484375,0.6060865293398048,0.6040058802023078,0.5699562331040701,27,37
dropout_rate,0.5,8,2,16,64,0.5,0.001,32,50,0.0,0.1,10,5,0.5,True,42,40,40,0.6,0.6086956521739131,0.6011904761904763,45,35.90980448998744,0.0048006599536165595,0.1066813323025902,0.00708770751953125,1858,0.0,25.5146484375,0.6005342467264696,0.5919505107131872,0.5865116496880849,48,50
dropout_rate,0.5,8,2,16,64,0.5,0.001,32,50,0.0,0.1,10,5,0.5,True,42,41,41,0.6666666666666666,0.7058823529411764,0.7142857142857143,45,20.914058473019395,0.004793606989551336,0.10652459976780745,0.00708770751953125,1858,0.0,25.5146484375,0.5995707060351516,0.6082162073615826,0.596256532271703,19,29
dropout_rate,0.5,8,2,16,64,0.5,0.001,32,50,0.0,0.1,10,5,0.5,True,42,42,42,0.8444444444444444,0.8205128205128205,0.9525691699604744,45,36.06271021004068,0.0047680459683761,0.10595657707502444,0.00708770751953125,1858,0.0,25.5146484375,0.5902642700256724,0.601451434646592,0.5916812022527059,42,50
dropout_rate,0.5,8,2,16,64,0.5,0.001,32,50,0.0,0.1,10,5,0.5,True,42,43,43,0.8444444444444444,0.8205128205128205,0.9624505928853755,45,36.08839148998959,0.002077211975120008,0.04616026611377796,0.00708770751953125,1858,0.0,25.5146484375,0.6013504844723325,0.6010731878605756,0.5888618648052215,44,50
dropout_rate,0.5,8,2,16,64,0.5,0.001,32,50,0.0,0.1,10,5,0.5,True,42,44,44,0.7586206896551724,0.7407407407407408,0.8857142857142857,29,33.085810207994655,0.003400490037165582,0.11725827714364077,0.00708770751953125,1858,0.0,25.5146484375,0.5880544935211991,0.6028787556922797,0.5984435319900513,36,46
dropout_rate,0.5,8,2,16,64,0.5,0.001,32,50,0.0,0.1,10,5,0.5,True,42,45,45,0.6222222222222222,0.41379310344827586,0.8181818181818181,45,36.18934917997103,0.004075224976986647,0.0905605550441477,0.00708770751953125,1858,0.0,25.5146484375,0.589698670036865,0.5935094275257804,0.5864120880762737,46,50
dropout_rate,0.5,8,2,16,64,0.5,0.001,32,50,0.0,0.1,10,5,0.5,True,42,46,46,0.7111111111111111,0.711111111111111,0.7766798418972333,45,26.012968080991413,0.004815121996216476,0.1070027110270328,0.00708770751953125,1858,0.0,25.5146484375,0.6034013281265894,0.6141640275265231,0.581251718600591,26,36
dropout_rate,0.5,8,2,16,64,0.5,0.001,32,50,0.0,0.1,10,5,0.5,True,42,47,47,0.4888888888888889,0.6461538461538462,0.630952380952381,45,27.350980682997033,0.004805903998203576,0.10679786662674613,0.00708770751953125,1858,0.0,25.5146484375,0.5976872500596624,0.6023631958347379,0.5952113072077433,28,38
dropout_rate,0.5,8,2,16,64,0.5,0.001,32,50,0.0,0.1,10,5,0.5,True,42,48,48,0.6470588235294118,0.625,0.9142857142857144,17,24.546539945993572,0.0019741979776881635,0.1161292928051861,0.00708770751953125,1858,0.0,25.5146484375,0.5973560807848335,0.6053825749042339,0.5988424281279247,24,34
dropout_rate,0.5,8,2,16,64,0.5,0.001,32,50,0.0,0.1,10,5,0.5,True,42,49,49,0.5777777777777777,0.6984126984126985,0.958498023715415,45,35.89180362998741,0.004747937025967985,0.10550971168817745,0.00708770751953125,1858,0.0,25.5146484375,0.594977407067111,0.5948872171116598,0.5834639330705007,44,50
dropout_rate,0.5,8,2,16,64,0.5,0.001,32,50,0.0,0.1,10,5,0.5,True,42,50,50,0.5555555555555556,0.23076923076923075,0.6857707509881423,45,32.387299060996156,0.00479982903925702,0.10666286753904487,0.00708770751953125,1858,0.0,25.5146484375,0.5954799575336052,0.6095726456154477,0.5833076516787211,35,45
dropout_rate,0.5,8,2,16,64,0.5,0.001,32,50,0.0,0.1,10,5,0.5,True,42,51,51,0.6444444444444445,0.5789473684210527,0.6646825396825398,45,25.127930887043476,0.004768331011291593,0.10596291136203541,0.00708770751953125,1858,0.0,25.5146484375,0.6010533833142483,0.6020191939491214,0.599464064836502,25,35
dropout_rate,0.5,8,2,16,64,0.5,0.001,32,50,0.0,0.1,10,5,0.5,True,42,52,52,0.8048780487804879,0.7333333333333334,0.9066985645933014,41,21.722415174997877,0.004791938001289964,0.11687653661682838,0.00708770751953125,1858,0.0,25.5146484375,0.6097934465065147,0.6117609838644663,0.5940912246704102,20,30
dropout_rate,0.5,8,2,16,64,0.5,0.001,32,50,0.0,0.1,10,5,0.5,True,42,53,53,0.46511627906976744,0.4888888888888889,0.4956709956709957,43,17.241009067976847,0.0059807029902003706,0.1390861160511714,0.00708770751953125,1858,0.0,25.5146484375,0.6099360305251498,0.6206687016017509,0.6020345131556193,14,24
dropout_rate,0.5,8,2,16,64,0.5,0.001,32,50,0.0,0.1,10,5,0.5,True,42,54,54,0.7435897435897436,0.6875,0.7961956521739131,39,36.003065520955715,0.004677189979702234,0.11992794819749318,0.00708770751953125,1858,0.0,25.5146484375,0.5985420344002319,0.6001439593506582,0.5790540357430776,41,50
dropout_rate,0.5,8,2,16,64,0.5,0.001,32,50,0.0,0.1,10,5,0.5,True,42,55,55,0.8888888888888888,0.888888888888889,0.9644268774703557,45,27.259873516042717,0.004771405947394669,0.1060312432754371,0.00708770751953125,1858,0.0,25.5146484375,0.5959295084079107,0.605396906986381,0.6044388711452484,28,38
dropout_rate,0.5,8,2,16,64,0.5,0.001,32,50,0.0,0.1,10,5,0.5,True,42,56,56,0.8863636363636364,0.888888888888889,0.9132231404958677,44,20.229473752959166,0.004766865982674062,0.10833786324259231,0.00708770751953125,1858,0.0,25.5146484375,0.6048744077032263,0.6224105513908647,0.6072216987609863,18,28
dropout_rate,0.5,8,2,16,64,0.5,0.001,32,50,0.0,0.1,10,5,0.5,True,42,57,57,0.4888888888888889,0.5106382978723405,0.5992063492063492,45,26.046520775998943,0.004858497995883226,0.10796662213073836,0.00708770751953125,1858,0.0,25.5146484375,0.5959906275525237,0.6019355729222298,0.6064108788967133,26,36
dropout_rate,0.5,8,2,16,64,0.5,0.001,32,50,0.0,0.1,10,5,0.5,True,42,58,58,0.7111111111111111,0.6666666666666666,0.7579365079365079,45,18.66096051898785,0.004853888996876776,0.10786419993059503,0.00708770751953125,1858,0.0,25.5146484375,0.6088212498209693,0.6193972704085436,0.5995347579320272,16,26
dropout_rate,0.5,8,2,16,64,0.5,0.001,32,50,0.0,0.1,10,5,0.5,True,42,59,59,0.5555555555555556,0.23076923076923073,0.5694444444444444,45,27.361429014999885,0.006015627004671842,0.1336806001038187,0.00708770751953125,1858,0.0,25.5146484375,0.596710195821343,0.6044575777469259,0.609011044104894,28,38
dropout_rate,0.5,8,2,16,64,0.5,0.001,32,50,0.0,0.1,10,5,0.5,True,42,60,60,0.8863636363636364,0.8837209302325582,0.9359504132231404,44,36.172491010976955,0.004737534036394209,0.10767122809986837,0.00708770751953125,1858,0.0,25.5146484375,0.5985049097375437,0.5976762780637452,0.6052486737569173,46,50
dropout_rate,0.5,8,2,16,64,0.5,0.001,32,50,0.0,0.1,10,5,0.5,True,42,61,61,0.7209302325581395,0.7500000000000001,0.8593073593073594,43,23.27596218296094,0.004831331025343388,0.11235653547310205,0.00708770751953125,1858,0.0,25.5146484375,0.6006633409044959,0.6091735735535622,0.6122627794742584,22,32
dropout_rate,0.5,8,2,16,64,0.5,0.001,32,50,0.0,0.1,10,5,0.5,True,42,62,62,0.8444444444444444,0.8108108108108109,0.9861660079051384,45,28.824149777006824,0.0033321919618174434,0.07404871026260985,0.00708770751953125,1858,0.0,25.5146484375,0.6030246157086256,0.6090729977145339,0.6041173140207926,30,40
dropout_rate,0.5,8,2,16,64,0.5,0.001,32,50,0.0,0.1,10,5,0.5,True,42,63,63,0.46511627906976744,0.43902439024390244,0.44805194805194803,43,23.855407616996672,0.004840201989281923,0.11256283696004471,0.00708770751953125,1858,0.0,25.5146484375,0.5993050695820288,0.6155624581557332,0.6104486306508382,23,33
dropout_rate,0.5,8,2,16,64,0.5,0.001,32,50,0.0,0.1,10,5,0.5,True,42,64,64,0.6666666666666666,0.6153846153846153,0.7628458498023716,45,35.9259607999702,0.004821623966563493,0.10714719925696652,0.00708770751953125,1858,0.0,25.5146484375,0.5970042837840138,0.5969863301425269,0.6021866838137309,43,50
dropout_rate,0.5,8,2,16,64,0.5,0.001,32,50,0.0,0.1,10,5,0.5,True,42,65,65,0.8,0.7804878048780488,0.9285714285714285,45,15.768958266009577,0.004729432985186577,0.10509851078192393,0.00708770751953125,1858,0.0,25.5146484375,0.6042285069371715,0.6311576203866438,0.6128426710764567,12,22
dropout_rate,0.5,8,2,16,64,0.5,0.001,32,50,0.0,0.1,10,5,0.5,True,42,66,66,0.5333333333333333,0.5714285714285715,0.5612648221343874,45,35.999835726979654,0.003351608000230044,0.07448017778288987,0.00708770751953125,1858,0.0,25.5146484375,0.592446589785995,0.5984350436113097,0.6087445298830668,47,50
dropout_rate,0.5,8,2,16,64,0.5,0.001,32,50,0.0,0.1,10,5,0.5,True,42,67,67,0.5111111111111111,0.26666666666666666,0.6462450592885376,45,34.12663709500339,0.004830354999285191,0.10734122220633759,0.00708770751953125,1858,0.0,25.5146484375,0.5965261005542495,0.5954058208700382,0.6032267689704895,39,49
dropout_rate,0.5,8,2,16,64,0.5,0.001,32,50,0.0,0.1,10,5,0.5,True,42,68,68,0.5555555555555556,0.411764705882353,0.6205533596837945,45,16.485674110008404,0.0059855980216525495,0.13301328937005666,0.00708770751953125,1858,0.0,25.5146484375,0.6048420595400261,0.614835378121246,0.6109195510546367,13,23
dropout_rate,0.5,8,2,16,64,0.5,0.001,32,50,0.0,0.1,10,5,0.5,True,42,69,69,0.5111111111111111,0.5769230769230769,0.5476190476190477,45,17.990996212000027,0.004818203044123948,0.10707117875830995,0.00708770751953125,1858,0.0,25.5146484375,0.6098296915491422,0.6144208354931889,0.6054310997327169,15,25
dropout_rate,0.5,8,2,16,64,0.5,0.001,32,50,0.0,0.1,10,5,0.5,True,42,70,70,0.7333333333333333,0.7272727272727272,0.8557312252964427,45,30.944667213014327,0.0039041920099407434,0.08675982244312763,0.00708770751953125,1858,0.0,25.5146484375,0.5993150939995592,0.5837575140776057,0.6064827740192413,33,43
dropout_rate,0.5,8,2,16,64,0.5,0.001,32,50,0.0,0.1,10,5,0.5,True,42,71,71,0.8666666666666667,0.8636363636363636,0.9762845849802372,45,22.888668539002538,0.004438267031218857,0.09862815624930792,0.00708770751953125,1858,0.0,25.5146484375,0.6092481100649545,0.6197732127074039,0.6237132807572683,22,32
dropout_rate,0.5,8,2,16,64,0.5,0.001,32,50,0.0,0.1,10,5,0.5,True,42,72,72,0.8888888888888888,0.8936170212765957,0.9486166007905138,45,26.803783639974426,0.004851656965911388,0.1078145992424753,0.00708770751953125,1858,0.0,25.5146484375,0.5956100692803209,0.6069399393869169,0.6196183582146962,27,37
dropout_rate,0.5,8,2,16,64,0.5,0.001,32,50,0.0,0.1,10,5,0.5,True,42,73,73,0.6444444444444445,0.6666666666666667,0.758893280632411,45,36.0130386580131,0.004834196995943785,0.10742659990986188,0.00708770751953125,1858,0.0,25.5146484375,0.5829479159279303,0.5907958416324673,0.6047937075297037,49,50
dropout_rate,0.5,8,2,16,64,0.5,0.001,32,50,0.0,0.1,10,5,0.5,True,42,74,74,0.4444444444444444,0.6153846153846153,0.623015873015873,45,23.85335173900239,0.004836432985030115,0.10747628855622478,0.00708770751953125,1858,0.0,25.5146484375,0.6062529662793333,0.6084429648789492,0.6139411687850952,23,33
dropout_rate,0.5,8,2,16,64,0.5,0.001,32,50,0.0,0.1,10,5,0.5,True,42,75,75,0.926829268292683,0.9302325581395349,0.9547619047619048,41,26.49139382201247,0.004776927002239972,0.1165104146887798,0.00708770751953125,1858,0.0,25.5146484375,0.6028127033602108,0.6107897099220392,0.5957065542538961,27,37
dropout_rate,0.5,8,2,16,64,0.5,0.001,32,50,0.0,0.1,10,5,0.5,True,42,76,76,0.5111111111111111,0.65625,0.6403162055335968,45,24.357098089007195,0.004741379001643509,0.1053639778143002,0.00708770751953125,1858,0.0,25.5146484375,0.5999055597366709,0.6068347861821001,0.6112856268882751,24,34
dropout_rate,0.5,8,2,16,64,0.5,0.001,32,50,0.0,0.1,10,5,0.5,True,42,77,77,0.6,0.7000000000000001,0.6785714285714286,45,17.905347951047588,0.004734604968689382,0.10521344374865294,0.00708770751953125,1858,0.0,25.5146484375,0.6034091659116022,0.6210990839383819,0.6340149919191996,15,25
dropout_rate,0.5,8,2,16,64,0.5,0.001,32,50,0.0,0.1,10,5,0.5,True,42,78,78,0.4888888888888889,0.6101694915254238,0.598814229249012,45,26.564213637029752,0.005986089003272355,0.133024200072719,0.00708770751953125,1858,0.0,25.5146484375,0.5987475214130951,0.5990975304986491,0.613714196284612,27,37
dropout_rate,0.5,8,2,16,64,0.5,0.001,32,50,0.0,0.1,10,5,0.5,True,42,79,79,0.55,0.608695652173913,0.605,40,25.318517517996952,0.0038830300327390432,0.09707575081847608,0.00708770751953125,1858,0.0,25.5146484375,0.5962411099762628,0.5974869342012838,0.6022009372711181,25,35
dropout_rate,0.5,8,2,16,64,0.5,0.001,32,50,0.0,0.1,10,5,0.5,True,42,80,80,0.5555555555555556,0.5238095238095238,0.6679841897233202,45,36.15359453600831,0.006112780014518648,0.1358395558781922,0.00708770751953125,1858,0.0,25.5146484375,0.5920855278770129,0.5920855278770129,0.6067211012045542,50,50
dropout_rate,0.5,8,2,16,64,0.5,0.001,32,50,0.0,0.1,10,5,0.5,True,42,81,81,0.4888888888888889,0.0,0.8794466403162056,45,28.79143343999749,0.004011678043752909,0.08914840097228686,0.00708770751953125,1858,0.0,25.5146484375,0.5977134901014242,0.6003207246010954,0.6082647105058034,30,40
dropout_rate,0.5,8,2,16,64,0.5,0.001,32,50,0.0,0.1,10,5,0.5,True,42,82,82,0.5777777777777777,0.6885245901639344,0.8557312252964427,45,35.13659158698283,0.0056755749974399805,0.12612388883199957,0.00708770751953125,1858,0.0,25.5146484375,0.5981474103349628,0.5984162383458831,0.6058514873186748,39,49
dropout_rate,0.5,8,2,16,64,0.5,0.001,32,50,0.0,0.1,10,5,0.5,True,42,83,83,0.6578947368421053,0.5185185185185185,0.8033240997229917,38,20.15262301499024,0.004770083993207663,0.12552852613704377,0.00708770751953125,1858,0.0,25.5146484375,0.6117331367550474,0.6221280522418745,0.6167821208635966,18,28
dropout_rate,0.5,8,2,16,64,0.5,0.001,32,50,0.0,0.1,10,5,0.5,True,42,84,84,0.6818181818181818,0.6956521739130435,0.7639751552795031,44,28.75719683401985,0.006329288007691503,0.14384745472026142,0.00708770751953125,1858,0.0,25.5146484375,0.6066669338580334,0.6025049677400878,0.6098129272460937,30,40
dropout_rate,0.5,8,2,16,64,0.5,0.001,32,50,0.0,0.1,10,5,0.5,True,42,85,85,0.8863636363636364,0.8936170212765957,0.9979296066252589,44,36.0822245440213,0.004799069021828473,0.10906975049610165,0.00708770751953125,1858,0.0,25.5146484375,0.6009635853044915,0.6046020616636132,0.6080983678499857,43,50
dropout_rate,0.5,8,2,16,64,0.5,0.001,32,50,0.0,0.1,10,5,0.5,True,42,86,86,0.8636363636363636,0.8695652173913043,0.8550724637681159,44,27.472891482990235,0.0048264460056088865,0.10969195467292925,0.00708770751953125,1858,0.0,25.5146484375,0.5952396146727331,0.6056422494126089,0.6041571358839671,28,38
dropout_rate,0.5,8,2,16,64,0.5,0.001,32,50,0.0,0.1,10,5,0.5,True,42,87,87,0.5333333333333333,0.6181818181818182,0.5335968379446641,45,35.93540339398896,0.00614539795788005,0.13656439906400109,0.00708770751953125,1858,0.0,25.5146484375,0.5931708950436476,0.5931708950436476,0.6014485637346904,50,50
dropout_rate,0.5,8,2,16,64,0.5,0.001,32,50,0.0,0.1,10,5,0.5,True,42,88,88,0.5818181818181818,0.5106382978723404,0.5859788359788359,55,36.00049974198919,0.003914600005373359,0.07117454555224288,0.00708770751953125,1858,0.0,25.5146484375,0.5962700949925365,0.5962700949925365,0.6008906563123068,50,50
dropout_rate,0.5,8,2,16,64,0.5,0.001,32,50,0.0,0.1,10,5,0.5,True,42,89,89,0.5111111111111111,0.65625,0.6666666666666666,45,35.80682659702143,0.006569682969711721,0.14599295488248268,0.00708770751953125,1858,0.0,25.5146484375,0.5990073583794363,0.5990073583794363,0.6169203639030456,50,50
dropout_rate,0.5,8,2,16,64,0.5,0.001,32,50,0.0,0.1,10,5,0.5,True,42,90,90,0.6666666666666666,0.6511627906976744,0.7529644268774704,45,30.722685540968087,0.00323476898483932,0.07188375521865156,0.00708770751953125,1858,0.0,25.5146484375,0.598263046055129,0.5941879643183766,0.5924783627192179,33,43
dropout_rate,0.5,8,2,16,64,0.5,0.001,32,50,0.0,0.1,10,5,0.5,True,42,91,91,0.5909090909090909,0.7096774193548387,0.8140495867768596,44,36.114748061983846,0.0047540010418742895,0.10804547822441568,0.00708770751953125,1858,0.0,25.5146484375,0.5995483213301861,0.5978048260916363,0.5957258343696594,45,50
dropout_rate,0.5,8,2,16,64,0.5,0.001,32,50,0.0,0.1,10,5,0.5,True,42,92,92,0.6607142857142857,0.5957446808510638,0.7397435897435898,56,35.97358481201809,0.006043949979357421,0.1079276782028111,0.00708770751953125,1858,0.0,25.5146484375,0.5991608509511659,0.6015472874948473,0.6237150271733601,45,50
dropout_rate,0.5,8,2,16,64,0.5,0.001,32,50,0.0,0.1,10,5,0.5,True,42,93,93,0.7333333333333333,0.7272727272727273,0.857707509881423,45,34.37275718100136,0.003268931992352009,0.07264293316337797,0.00708770751953125,1858,0.0,25.5146484375,0.5961356411377589,0.5995133523688172,0.6127963781356811,38,48
dropout_rate,0.5,8,2,16,64,0.5,0.001,32,50,0.0,0.1,10,5,0.5,True,42,94,94,0.9545454545454546,0.9583333333333334,0.9896480331262939,44,31.09040070103947,0.004786210018210113,0.1087775004138662,0.00708770751953125,1858,0.0,25.5146484375,0.5975075203812483,0.5968389894926187,0.6179315288861592,33,43
dropout_rate,0.5,8,2,16,64,0.5,0.001,32,50,0.0,0.1,10,5,0.5,True,42,95,95,0.7142857142857143,0.6666666666666666,0.7708333333333333,28,29.68223803001456,0.0035114919883199036,0.12541042815428227,0.00708770751953125,1858,0.0,25.5146484375,0.6028756928263288,0.6137362890171282,0.5809357325236003,31,41
dropout_rate,0.5,8,2,16,64,0.5,0.001,32,50,0.0,0.1,10,5,0.5,True,42,96,96,0.6666666666666666,0.7083333333333334,0.7551020408163265,42,17.38172842201311,0.0059602989931590855,0.14191188078950204,0.00708770751953125,1858,0.0,25.5146484375,0.6034963819565196,0.6220063564903808,0.616548999150594,14,24
dropout_rate,0.5,8,2,16,64,0.5,0.001,32,50,0.0,0.1,10,5,0.5,True,42,97,97,0.5227272727272727,0.3225806451612903,0.4607438016528926,44,34.75268610694911,0.0048344089882448316,0.10987293155101889,0.00708770751953125,1858,0.0,25.5146484375,0.5913585697611173,0.5923067482583451,0.610250304142634,38,48
dropout_rate,0.5,8,2,16,64,0.5,0.001,32,50,0.0,0.1,10,5,0.5,True,42,98,98,0.5555555555555556,0.6296296296296297,0.5849802371541503,45,14.997330057027284,0.004904041008558124,0.10897868907906942,0.00708770751953125,1858,0.0,25.5146484375,0.608459435403347,0.6269434076367002,0.6247116208076477,11,21
dropout_rate,0.5,8,2,16,64,0.5,0.001,32,50,0.0,0.1,10,5,0.5,True,42,99,99,0.5581395348837209,0.4864864864864865,0.5173160173160173,43,28.19317882001633,0.004705347993876785,0.10942669753201827,0.00708770751953125,1858,0.0,25.5146484375,0.5864821478272929,0.5977565257838278,0.613349703947703,29,39
dropout_rate,0.5,8,2,16,64,0.5,0.001,32,50,0.0,0.1,10,5,0.5,True,42,100,100,0.5555555555555556,0.6363636363636364,0.5802469135802469,36,32.43376316403737,0.004717363975942135,0.13103788822061488,0.00708770751953125,1858,0.0,25.5146484375,0.5982137995235848,0.6022445713028763,0.5714338183403015,35,45
dropout_rate,0.5,8,2,16,64,0.5,0.001,32,50,0.0,0.1,10,5,0.5,True,42,101,101,0.4444444444444444,0.13793103448275862,0.5237154150197629,45,36.11204282596009,0.004841613001190126,0.10759140002644725,0.00708770751953125,1858,0.0,25.5146484375,0.5989593759630666,0.5981907602964025,0.6134105443954467,48,50
dropout_rate,0.5,8,2,16,64,0.5,0.001,32,50,0.0,0.1,10,5,0.5,True,42,102,102,0.7111111111111111,0.7719298245614036,0.8241106719367588,45,25.838256473012734,0.004784834978636354,0.10632966619191897,0.00708770751953125,1858,0.0,25.5146484375,0.6043703009684881,0.6084896815997182,0.620716945330302,26,36
dropout_rate,0.5,8,2,16,64,0.5,0.001,32,50,0.0,0.1,10,5,0.5,True,42,103,103,0.7441860465116279,0.6666666666666667,0.829004329004329,43,30.05261790502118,0.004706476000137627,0.10945293023575876,0.00708770751953125,1858,0.0,25.5146484375,0.5972135297276757,0.6062726035262599,0.6081181406974793,32,42
dropout_rate,0.5,8,2,16,64,0.5,0.001,32,50,0.0,0.1,10,5,0.5,True,42,104,104,0.6046511627906976,0.6530612244897959,0.735930735930736,43,28.75864164205268,0.00477631896501407,0.11107718523288536,0.00708770751953125,1858,0.0,25.5146484375,0.5996920811859044,0.6039037824128614,0.5968154430389404,30,40
dropout_rate,0.5,8,2,16,64,0.5,0.001,32,50,0.0,0.1,10,5,0.5,True,42,105,105,0.5777777777777777,0.4242424242424242,0.66600790513834,45,34.430395829025656,0.004743286001030356,0.10540635557845235,0.00708770751953125,1858,0.0,25.5146484375,0.5936454367457014,0.598812693899328,0.6172462979952494,38,48
dropout_rate,0.5,8,2,16,64,0.5,0.001,32,50,0.0,0.1,10,5,0.5,True,42,106,106,0.6666666666666666,0.6511627906976744,0.6884920634920635,45,23.830948774004355,0.00485321698943153,0.10784926643181178,0.00708770751953125,1858,0.0,25.5146484375,0.5973395894874226,0.6171645741119529,0.6153392712275187,23,33
dropout_rate,0.5,8,2,16,64,0.5,0.001,32,50,0.0,0.1,10,5,0.5,True,42,107,107,0.6222222222222222,0.6666666666666666,0.5992063492063492,45,23.585140808019787,0.006267768971156329,0.13928375491458508,0.00708770751953125,1858,0.0,25.5146484375,0.5980079858140512,0.6147790758898763,0.6043689608573913,23,33
dropout_rate,0.5,8,2,16,64,0.5,0.001,32,50,0.0,0.1,10,5,0.5,True,42,108,108,0.8222222222222222,0.7999999999999999,0.8794466403162056,45,30.35553910897579,0.004759634030051529,0.10576964511225621,0.00708770751953125,1858,0.0,25.5146484375,0.5967701016501947,0.6025150677923,0.6252462506294251,32,42
